11111111111111111111111111111111111111111111111111
11111111111111111111111101111111101111100111111111
11111111111111111111000001111111101111100001111111
11111111111111111110000001101100100110000001111111
11111111111111111100000000000000000010010111111111
11111111111111111111000000000000000000000111101101
11111111111111111110000000000000000000001111100001
11111111111111010011000000000000000000001111100001
11111111111111000000000000000000000000000000100001
11111111111111011100000000000000000000000000101001
11111111111111000000000000000000000000000000000001
11111111111111000000000000000000000000000000010001
11111111111111100010000000000000000000000000010001
11111111111111111100000000000000000000000000100001
11111111111111101000000000000000000000000001100001
11111111111111001010000000000000000000000000000001
11111111111111000011000000000000000000011110000001
11111111111111101110000000000000000000001111000001
11111111111111000000000100000000000000111111101111
11111111111111111000000000000000000000011111101111
11111111111111111000000000000000000000011111111111
11111111111111100001110000000000000000001111111111
11111111111111110000001100000000000000001111111111
11111111111111110000000000000000000000001100111111
11111111111111111000000000000010000000001000111111
11111111111111111001111100000010000000000000111111
11111111111111111111111100100000000000000001111111
11111111111111111111111111111100000000000000011111
11111111111111111111111111111110000000000000111111
11111111111111111111111111111111010000101111111111
11111111111111111111111111111110000000111111111111
11111111111111111111111111111110000000111111111111
11111111111111111111111111111111001000111111111111
11111111111111111111111111111111011100111111111111
11111111111111111111111111111111111100111111111111
11111111111111111111111111111111111110011111111111
11111111111111111111111111111111111110011111111111
11111111111111111111111111111111111110011111111111
11111111111111111111111111111111111110110011111111
11111111111111111111111111111111110110100001111111
11111111111111111111111111111111110000000111111111
11111111111111111111111111111111100100000111111111
11111111111111111111111111111110001110111111111111
11111111111111111111111111111110001111111111111111
11111111111111111111111111111110001111111111111111
11111111111111111111111111111111111111111111111111
11111111111111111111111111111111111111111111111111
11111111111111111111111111111111111111111111111111
11111111111111111111111111111111111111111111111111
11111111111111111111111111111111111111111111111111

Wandzellen: 1758
Bodenzellen: 742
