11111111111111111111111111111111111111111111111111
11111111111111111111111111111111111111111111111111
11111111111111111111111111111111111111111111111111
11111111111111111111111111111111100011111111111111
11111111111111111111111111111111101001111111111111
11111111111111111111111111111111101000011111111111
11111111111111111111111111111111000000011111111111
11111111111111111111111111111001110000111111111111
11111111111111111111111111111001100000011111111111
11111111111111111111111111000000001101111111111111
11111111111111111111111110000000001101111111111111
11111111111111111111100000000000000000111111111111
11111111111111111111111100000000000000111111111111
11111111111111111111111110000000000000111111111111
11111111111111111111111110000000000001111111111111
11111111111111111111111111000000000001111111111111
11111111111111111111111110000000000000011111111111
11111111111111111111111111000000000000011111111111
11111111111111111111111111000000000000111111111111
11111111111111111111111111000000000100111111111111
11111111111111111111111110000000000110011111111111
11111111111111111111111110000000000010011111111111
11111111111111111111111111110000011110011111111111
11111111111111111111111001100000100110011111111111
11111111111111111111111100000000000000011111111111
11111111111111111111111111001000000001111111111111
11111111111111111111111111000000000000111111111111
11111111111111111111111111000000010000000010111111
11111111111111111111111110000000000000000000110111
11111111111111111111111110000001110000000010110001
11111111111111111111111111001000000000000000100001
11111111111111111111111111100000000000000000100001
11111111111111111111111110000000000000000000000001
11111111111111111111111110000000000001000000000001
11111111111111111111100011000000000000000000000001
11111111111111111110000000000000000000000000000001
10111111111111111100000000000001100000000001000001
10001111111111111100000000000000000000000000000001
10000011110011100000000000000000000000000000000111
11000000000000000000000000000000000000000010000111
11000011110000011000000000000100000000000000000111
11000011110000110000000000000111000101000000000111
11100000100001010000000100011111100111000000000011
11111110000011000000000100100111101111110000000011
11111100000000000000000100000000000001100000000011
11111100000000000000000000001000001000000000011111
11111100000000000000001000111000001110100000001111
11111100110000000000000000111100011111100000000111
11111111111000000000010000011111111111100000000011
11111111111111111111111111111111111111111111111111
