11111111111111111111111111111111111111111111111111
11111111111111100110111011111000011111111111111111
11111111111101000000010011110000001111111111111111
11111111111001000000000011110000001111111111111111
11111111011000001100100010011001101111111111111001
11111111000000000000000000011011001100111111000001
11111111000000001000000000001000000100000000000001
11110011110000000001010000100000000100000000000001
11100000100000000001110000011100000000000001000001
11110000000000000000110000111000000000000001000001
11110000000000000000100000111000000000000000000101
11110000000000000000000001111110000000000000000001
11110000000000000000000000111110000000000000000101
11100000000000000000000000111111001000000000000001
11100000000000000000000000111111100000000000000001
11100000000000000000000001111111000000000100000001
11111000000000000000000001111111000000001110000001
11111100000000000000000001111111100000000000000001
11111100000000000000000111111101100000111000000001
11111000000000000001110111111000000000111110100001
11111100000011010001100111111000000000000110010011
11111100000000000000101111111110001000110010000111
11111110000000101000001011111110000000111000011111
11111000000000000000000011111100010001111111111111
11110001100000000000000000111000111001111111111111
11110001100000000000000011111000000001111111111111
10000001100000000000000011100000000001111111111111
10000001100000110000000001001111000001111111111111
10000000000000111110000000001111000011111111111111
11100000000000011111110110001111101111111111111111
11111111100000011111111110011111111111111111111111
11111111000000111111111111111111111111111111111111
11111111000000011111111111111111111111111111111111
11111110001000011111111111111111111111111111111111
11111100011111111111111111111111111111111111111111
11111111111111111111111111111111111111111111111111
11111111111111111111111111111111111111111111111111
11111111111111111111111111111111111111111111111111
11111111111111111111111111111111111111111111111111
11111111111111111111111111111111111111111111111111
11111111111111111111111111111111111111111111111111
11111111111111111111111111111111111111111111111111
11111111111111111111111111111111111111111111111111
11111111111111111111111111111111111111111111111111
11111111111111111111111111111111111111111111111111
11111111111111111111111111111111111111111111111111
11111111111111111111111111111111111111111111111111
11111111111111111111111111111111111111111111111111
11111111111111111111111111111111111111111111111111
11111111111111111111111111111111111111111111111111
