11111111111111111111111111111111111111111111111111
11111111111111111111000000000000011111100111111111
11111111111111111110000000000010000000000010111111
11111111111111111110000001111111000000011000111111
11111111111111111110000011111100000001111110111111
11111111111111111111000011111100000000000110111111
11111111111111111111111001111100000000000100011111
11111111111111111111111011111100000000010000111111
11111111111111111111111011111100000000000101111111
11111111111111111111111000001100000100010111111111
11111111111111111111111000100000001110000111111111
11111111111111111111110000100000001110000111111111
11111111111111111111000001111100001111100111111111
11111111111111111111001111111100000000000000111111
11111111111111111111111111111100000000000000111111
11111111111111111111111111110010000000000000100101
11111111111111111111111111100000000000000000000001
11111111111111111111111111100000000000000000000001
11111111111111111111111111000000000000000000000001
11111111111111111111111111000000000000000000000001
11111111111111111111111111001000000000000000000011
11111111111111111111111111111000000000000000000001
11111111111111111111111111000010000000000000000001
11111111111111111111111000000010000000000000000001
11111111111111111111111000000000000000000000000001
11111111111111111111111100000000000000000000000001
11111111111111111111111100000000000000000000000001
11111111111111111111111110000000000000000000000001
11111111111111111111110000000000000000000000000001
11111111111111111111110000000000000000000000000001
11111111111111111111111010000000000000000010000001
11111111111111111111111000000000000000000000010001
11111111111111111111111000000000000000000000000001
11111111111111111111111100000000000000000000000001
11111111111111111111111110000000000000110000000011
11111111111111111110000000000000000000100000000111
11111111111111111110000000000000000000000000001111
11111111111111111110000000000000000000000000001111
11111111111111111111001110000000000000000001000111
11111111111111111111110010000000000000000000001111
11111111111111111111110000000010000000000000000111
11111111111111111111110000000011001100000011100001
11111111111111111111111111111111100001001111111001
11111111111111111111111111111111100011111111111111
11111111111111111111111111111111111011111111111111
11111111111111111111111111111111111111111111111111
11111111111111111111111111111111111111111111111111
11111111111111111111111111111111111111111111111111
11111111111111111111111111111111111111111111111111
11111111111111111111111111111111111111111111111111
