11111111111111111111111111111111111111111111111111
11111111111111111111111111111111111110000000000111
11011100011111101111111111111111111110000000010011
10001100001110000111111111111111111111000000000011
10000100000000000111111111111111111111000000000111
10010000000010000111111111111111111110000000000011
10100000000000000111111111111111111111000000000001
10000000010010000111011111111100011110000000000001
10000100000110000110011111111000011000000000000001
10111100000000001100011111110000111000000000000001
10011100000000000000011111110000000000000000000001
10000000000000000000111111110000100000000000000011
10000100000000100000011111100000100000000000000001
10000000000011111000011111000000000000000000000001
10000000000000011000011111001101010000000000000001
10000000001000011111111111011100000000000000000001
10000000011000111111111111011111000000000000000011
11000000111100000111111110001111000000000000000001
10000001111100110111111010001110000000000000010001
10000011111111110111110010011110000000000000001001
10000011111111110010000000111111000001110000000111
10000011111111111000000000001000000000110000000111
10000011111111111111111000010000000010110000000111
10000111111111111111111000000000001000000000011111
10000011111111111110011000000000110000010000000001
10000011111111111110000000001110110000100000001001
10000001111111111110000001100011010000000000000001
11000011111111111111110001110000000000000000000001
10000001111111111111111111100000000000000000000001
10001101111111111111111111100000110000000000010001
10000101111111111111111111111000100000000000000001
10010001111111111111111111111101000000000000000001
11111111111111111111111111111001000000011100000001
11111111111111111111111111111000000000011100000001
11111111111111111111111111111000000001111111000101
11111111111111111111111111111110000001111111111111
11111111111111111111111111111100111000111111111111
11111111111111111111111111111111110000111111111111
11111111111111111111111111111111100000011111111111
11111111111111111111111111111111111100011111111111
11111111111111111111111111111111111111111111111111
11111111111111111111111111111111111111111111111111
11111111111111111111111111111111111111111111111111
11111111111111111111111111111111111111111111111111
11111111111111111111111111111111111111111111111111
11111111111111111111111111111111111111111111111111
11111111111111111111111111111111111111111111111111
11111111111111111111111111111111111111111111111111
11111111111111111111111111111111111111111111111111
11111111111111111111111111111111111111111111111111
