11111111111111111111111111111111111111111111111111
10000001111000000000011100000011110000001000000001
10000000110000000000011110000011111100000000000001
10000000011000000000000000000000011100001000000001
10000000000000000000000000000110010100000000000001
10000000000000000000000000000010110000011000000001
10000000000001000000000000000000110001111110011001
10000000000001000000000000000001111001111100000011
10000000000000000000000011100000110000011110111111
10000000000000000000000111100000000000011110011111
10000000000000000000011111100010000000011000001001
10000000000000000000001111111000001111111000000001
10000000000001001100000111111100001111111000000101
10001000000000001000000111111100011111111000000001
11000000000000000000000111111101111111111000000001
11100000000000000000111111111111111111110001000001
10000000000010000011111111111111111111111011000001
10000000010000000111111111111111111111111111000111
10000000000100000000111111111111111111111111001111
10000000001000000001111111111111111111111111001111
10000000001011000001111111111111111111111111000111
10000000010011000001111111111111111111111111100011
10000101110001000010111111111111111111111111000011
10001111111000000000100111111111111111111111110001
10000111111101000000100000011111111111111000010001
10000111111111110000001111111111111111100000000001
10011111111111110111111111111111111111100000000101
11111111111111111111111111111111111111111100000001
11111111111111111111111111111111111111111100100011
11111111111111111111111111111111111111111101001111
11111111111111111111111111111111111111001001111111
11111111111111111111111111111111100000001000111111
11111111111111111111111111111100000000000010011111
11111111111111111111111111111100000101000000111111
11111111111111111111111111111100111101111111111111
11111111111111111111111111110001111111111111111111
11111111111111111100001111100001111111111111111111
11111111111111110000100010000001111111111111111111
11111111111111100000111000000000111111111111111111
11111111111111000000000000000000111111111111111111
11111111111111000000000011000000111111111111111111
11111111111111100000100011010000111111111111111111
11111111111111110000100011111111111111111111111111
11111111111111100000000111111111111111111111111111
11111111111111110001011111111111111111111111111111
11111100111000010000011111111111111111111111111111
11111100010011011100011111111111111111111111111111
11111000010000000100011111111111111111111111111111
11110010000000100001111111111111111111111111111111
11111111111111111111111111111111111111111111111111
