11111111111111111111111111111111111111111111111111
11111111111111111111111111111111111111111111111111
11111111111111111111111111111111111111111111111111
11111111111111111111111111111111111111111111111111
11111111111111111111111111111111111111111111111111
11111111111111111111111111111111111111111111111111
11111111111111111111111111111111111111111111111111
11111111111111111111111111111111111111111111111111
11111111111111111111111111111111111111111111111111
11111111111111111111111111111111111111111111111111
11111111111111111111111111111111111111111111111111
11111111111111111111111111111111111111111111111111
11111111111111111111111111111111111111111111111111
11111111111111111111111111111111111111111111111111
11111111111111111111111111111111111001111111111111
11111111111111111000111111111111111000111111111111
11111111111111111100111111111111110011110011111111
11111111111111100000011111111111110001100001111111
11111111111111100000011111111111100000100000011111
11111111111111100001001111111110001010000000011111
11111111111111110000000001111110000000000000111111
11111111111111110000000000001000100000000000111111
11111111111111110000000001000000000000000000001111
11111111111111110100110000000000000000000000001111
11111111111111110000110000000011000001000000011111
11111111111111100000000000000011001100010000011111
11011111111111111111000001000000001111110000111111
11011111111111111111100000100000100001111001111111
10011111111111111111100000100000000001111111111111
10001111111111111111100001000000000000111111111111
10000010011110011101110000000000100000111111111111
10001010000000000000100100000000000001111111111111
10000000000000000000000000000000000000111111111111
11000000000000010000000110011110000000011111111111
11000000000000010000000110001110010000000000111111
10000000000000100000000010001111100000000000111111
10000011000000000000000000000011100000000000111111
10001111010001000000000100000001111000000000011111
11001111011010010000000000000011100000000000000111
11101111011000000001000000110001000000000000000011
11101111011001000000000000000101010000011000000001
10001111000000000000000000000000000000001000000001
10110100011010000000000000000000001000000000000001
10000000011100000000000000000000001000000000110001
11000100000000000000000000000001011100000001000011
11000000000010000000000000000000011000110000000001
11000000000000000000000000000000111111111110000011
11000000000100000000000000000000111111111110000011
10000000000111000000000000000000111111111111000011
11111111111111111111111111111111111111111111111111
