11111111111111111111111111111111111111111111111111
10000001000000000000100000011111111111111111111111
10000000000000000000100000001111111111111111111111
10000000000000000000000000011111111111111111111111
10000000000000000000000000001111111111111111111111
10000000000000000000001000001111111111111111111111
10000000000000000000001000001111111111111111111111
10000000010000000000000000011111111111111111111111
10000000000000000000000000011111111111111111111111
11000110000000000000000000011111111111111111111111
11000111110000000000000000000111111111111111111111
11111111000000000000000000000111111111111111111111
11111111000000000000000000000111111111111111111111
11111100000000000000000001000111111111111111111111
11111100000000000000000001100111111111111111111111
10000001000011000000000000111011111111111111111111
10000011111110000000000000110001001110111111111111
10000011111110000000000000100000000000111111111111
10000011111110000000000000000001000000000111111111
10000001111111100000000000000000000000000111111111
10111001111111100000000000000000000000000011111111
10000011111111110100000000000000000000000111111111
10010000111111000000000000000000000000000111111111
11110000111110000000000000000000000000000011111111
11100000000000001000000000100000000000111110111111
11111111111100001111000000000000000000000000111111
11111111100000001100000000111000000000000000011111
11111111100110011100010000111000000010000001011111
11111111110000000000011111111000011111001000011111
11111111110000000011111111111100111111111111111111
11111111100000000111111111111111111111111111111111
11111111111100111111111111111111111111111111111111
11111111111111111111111111111111111111111111111111
11111111111111111111111111111111111111111111111111
11111111111111111111111111111111111111111111111111
11111111111111111111111111111111111111111111111111
11111111111111111111111111111111111111111111111111
11111111111111111111111111111111111111111111111111
11111111111111111111111111111111111111111111111111
11111111111111111111111111111111111111111111111111
11111111111111111111111111111111111111111111111111
11111111111111111111111111111111111111111111111111
11111111111111111111111111111111111111111111111111
11111111111111111111111111111111111111111111111111
11111111111111111111111111111111111111111111111111
11111111111111111111111111111111111111111111111111
11111111111111111111111111111111111111111111111111
11111111111111111111111111111111111111111111111111
11111111111111111111111111111111111111111111111111
11111111111111111111111111111111111111111111111111
