11111111111111111111111111111111111111111111111111
11111111111111111111111111111111111111111111111111
11111111111111111111111111111111111111111111111111
11111111111111111111111111111111111111111111111111
11111111111111111111111111111111111111111111111111
11111111111111111111111111111111111111111111111111
11111111111111111111111111111111111111111111111111
11111111111111111111111111111111111111111111111111
11111111111111111111111111111111111111111111111111
11111111111111111111111111111111111111111111111111
11111111111111111111111111111111111111111111111111
11111111111111111111111111111111111111111111111111
11111111111111111111111111111111111111111111111111
11111111111111111111111111111111111111111111111111
11111111111111111111111111111111111111111111111111
11111111111111111111111111111111111111111111111111
11111000000000001111111111111111111111111111111111
11111110000001100011111110001111111111111111111111
11111111000000111000000000000111111111111111111111
11111111000000011000100000000111111111111111111111
11111100000000001110000001000111111111111111111111
11110000000011000010001000001111111111111111111111
11110100000010010000111100001111111111111111111111
11000000000000000000111000001111111111111111111111
11000000000000000000110000111111111111111111111111
10001000011100000011110000001111111111111111111111
10000000000000100011110000111111111111111111111111
10000000000000001000111000011111111111111111111111
10000000000000011110011100010011111111111111111111
10000000000000001110111100000011111111111111111111
10000000000000100000001111000011111111111111111111
10000000000000100001011111101111111111111111111111
10000000000000000000011111100111111111111111111111
10000000001000010000000111101111111111111111111111
10000000000000000000000111101111111111111111111111
10000000000000001000000001001111111111111111111111
10000000000000100000000000011111111111111111111111
10000000000000000000000000011111111111111111111111
10000000000000000000000000001111111111111111111111
10000000000000000000000000011111111111111111111111
10000000000000000000000000111111111111111111111111
10000000000000000000000000111111111111111111111111
10000000000000000000000011111111111111111111111111
10000000000000000000011111111111111111111111111111
10000000000000000000001111111111111111111111111111
10000000000000000010011111111111111111111111111111
10000000000000000000011111111111111111111111111111
10001001000000000010011111111111111111111111111111
11001000000000000001111111111111111111111111111111
11111111111111111111111111111111111111111111111111
