11111111111111111111111111111111111111111111111111
11111111111111111111111111001100000111111111000001
11111111111111111111111111000000000011110000000001
11111111111111111111111111000010000000011000000001
11111111111111111111111110000000000001000000000001
11111111111111111111111111000100000000000000000001
11111111111111111111111110000000000000000000000001
11111111111111111111111111100000000000000000000001
11111111111111111111111111111000000000000000000001
11111111111111111111111111111100000000000000000001
11111111111111111111111111111100000000000000000001
11111111111111111111111111111110000000000000000001
11111111111111111111111111101100000000000000000001
11111111111111111111111111000000000000010000000001
11111111111111111111111100000000000000010100000001
11111111111111111111111100011000000000000000000001
11111111111111111111111100011000000000000000000001
11111111111111111000011100010000000010000000000001
11111111111111100000011111010000000011000000000001
11111111111111100000001111000000000000000000000001
11111111111111111110001111000000110000000000001101
11111111111111111110000011000000011111010000001101
11111111111111111100000111000000011111110000001101
11111111111111111110100000000001111111111100001101
11110100011111111110100000011011111111111100000001
11100000011111111110000000011111111111111111000001
11101000001111111110000000001111111111111111000001
11100000001111111111100000011111111111111111000001
11100000001111111111111000001111111111111111111101
11100000001111111111111000011111111111111111111111
11100000001111111111111000011111111111111111111111
11110010000111111100110000111111111111111111111111
11100000001111000001110001111111111111111111111111
11110000000000011001110001111111111111111111111111
11110010001100000001100000011111111111111111111111
11100000000000000000001000011111111111111111111111
10000110000010000000000000011111111111111111111111
11111110010111111000000000011111111111111111111111
11111110011111111110000000011111111111111111111111
11111111111111111110000000011111111111111111111111
11111111111111111111110001111111111111111111111111
11111111111111111110000001111111111111111111111111
11111111111111111100000011111111111111111111111111
11111111111111111100000111111111111111111111111111
11111111111111111111000111111111111111111111111111
11111111111111111111000111111111111111111111111111
11111111111111111111010011111111111111111111111111
11111111111111111111000011111111111111111111111111
11111111111111111111111111111111111111111111111111
11111111111111111111111111111111111111111111111111
