11111111111111111111111111111111111111111111111111
11111111000001100000111111111111111111111111111111
11111111001000000000111111111111111111111111111111
10111111001000000000111111111111111111111111111111
10011110000000000000011111111111111111111111111111
10010110000000000000111111111111111111111111111111
10000000000000000000001111111111111111111111111111
10000000000000000000001111111111111111111111111111
10000000000000000000001111111111111111111111111111
10000000000000000000000000111111111111111111111111
10000000000000000000000000001111111111111111111111
10000000000000000000000000001111111111111111111111
10000000000000000000000000011111111111111111111111
10000000000000000001110000011111111111111111111111
10000000000000000000100000011111111111111111111111
10000000000000000000100000011111111111111111111111
10000000000000100000000000011111111111111111111111
10000000000001110000000000011111111111111111111111
10000000000000110000000000001111111111111111111111
10000010000000000000000000000111111111111111111111
10000000000000000000000000000001111111111111111111
11100100000000000000000000000001111111111111111111
10001110000000001100000000000000001111111111111111
10011110000000001111000000000000001111111111111111
10001101000000001111000000000000000111111111111111
11000100000000000010000000000000010011111111111111
11100000000000000010000000000000000111111111111111
11110000000000000000000000000000001111111111111111
11110000000100000000000010000000011111111111111111
11111000000111000000000000000111111111111111111111
11111001000110000000000000011111111111111111111111
11111011000000001000010000001111111111111111111111
10110010000000001001100000001111111111111111111111
10011011111100110011000100111111111111111111111111
10000001111111100111111111111111111111111111111111
10000001111111100111111111111111111111111111111111
11100000111111000111111111111111111111111111111111
11111110011110001111111111111111111111111111111111
11111111000000111111111111111111111111111111111111
11111111111100111111111111111111111111111111111111
11111111111101111111111111111111111111111111111111
11111111111111111111111111111111111111111111111111
11111111111111111111111111111111111111111111111111
11111111111111111111111111111111111111111111111111
11111111111111111111111111111111111111111111111111
11111111111111111111111111111111111111111111111111
11111111111111111111111111111111111111111111111111
11111111111111111111111111111111111111111111111111
11111111111111111111111111111111111111111111111111
11111111111111111111111111111111111111111111111111
