11111111111111111111111111111111111111111111111111
11111111111101000011011100101000011000001111111111
11111111111100000000000000000000111000001111111111
11111111111100000000000000000000001000000100001111
11111111111100000000000000000000000011110000000111
11111111111100000001000000000000000000000000000011
11111111111100000000100000000010000000000000001111
11111111111110011100010000000111000000000000011111
11111111111111111100000000000111000001000000111111
11111111111111111111000000000111111100000000011111
11111111111111111111101011001111111100000000111111
11111111111111111111100011011111111010000000111111
11111111111111111110000000011110111000000000001111
11111111111111111111000001111110000000000000000111
11111111111111111111110001111110000000000010001111
11111111111111111111111100111000000000000000000111
11111111111111111100000000000000100000000000000111
11111111111111111100001100001000100000000000000111
11111111111111110000001100000011111100000000010111
11111111111111100000100000001111111100000010010011
11111111111111000000100000000111111000010111000001
11111111111111000000000000000011001000011111000001
11111111111111000000000100000000000000000011110011
11111111111111000000000000000000100000000001111111
11111111111100000000000000000000100000000000011111
11111111111100000000000000000000110000000000011111
11111111111110000000000110000000000000000000111111
11111111111110000000000100000000000000000011111111
11111111111110010000000100000000000000000111111111
11111111111110000000000000000000000000000111111111
11111111111110000000000000010000000000011111111111
11111111111110110000000000010001110000011111111111
11111111110000110000000000011111110100011111111111
11111111100000001000010000011111100010000111111111
11111111110000000000011111111111110000100011111111
11111111111000000000111111111111111011100111111111
11111111110000000011111111111111111011110011111111
11111100000000000001111111111111111011110011111111
11111100000000000010011111111111100001111011111111
11111100000110000100001111111111000000000011111111
11111100001111000000011111111111001000100011111111
11111110001111000001111111111111101001100111111111
11110000000100100001111111111111001011111111111111
11110000000000000000111111111111010011111111111111
11111000000000000001111111111111000111111111111111
11110000000000000001111111111111111111111111111111
11000000000000000000111111111111111111111111111111
10000000000000000000111111111111111111111111111111
11000000001000000000111111111111111111111111111111
11111111111111111111111111111111111111111111111111
