11111111111111111111111111111111111111111111111111
11111111111111111111111111110000110000000000000011
11111111111111111111111111110000000000000000000001
11111111111111111111111111111100000000000000000001
11111111111111111100011111000000000000000000001001
11111111111111111100011100000000000000000000000001
11111111111111111100001000000000000000000000000001
11111111111111111100000000000000000000000000000001
11111111111111111000000000001100011100000000001101
11111111111111111100000000001100111110000000001111
11111111111111111110000000000111111110000000001111
11111111111111111000000000000111111110000001000111
11111111111111111000100000001111111111000001001111
11111111111111111100100000011111111111110011111111
11111111111111111100000000011111111111111111111111
11111111111111110000110000011111111111111111111111
11111111111111111100100100011111111111111111111111
11111111111111111100000000111111111111111111111111
11111111111111110000000000011011111111111111111111
10011111111111100000000011000001111111111111111111
10011111111111000000000111000011111111111111111111
10000110000100000000000110000111111111111111111111
10000000000000000000001000000111111111111111111111
11100010000000000000000000000111111111111111111111
11110011000000000000010000000111111111111111111111
11111001100000101000010000001111111111111111111111
11111001000000000000011110000111111111111111111111
11110001000010000000000010110111111111111111111111
10111000000000000000000000000111111111111111111111
10000000000000000000000000001111111111111111111111
10000000000001000000000000000110011111111111111111
10000000000000000000000000000000011111111111111111
10000000000000000000000000000000001111111111111111
10000000000000000000000000000000101111111111111111
10000000000000000000000000000000001111111111111111
10000000000000000100000000000000000111111111111111
10000000001110000100000000000000000011111111111111
10000000000110000000000000000000000111111111111111
10001100001111100000000000000011111111111111111111
11111110000010111100000000000001111111111111111111
11111100000000011000000000011001111111111111111111
11111100000000000000000000011111111111111111111111
11111111100001110000000011011111111111111111111111
11111111111111110000000000011111111111111111111111
11111111111111110000000000011111111111111111111111
11111111111111110000000100001111111111111111111111
11111111111111111000000000000111111111111111111111
11111111111111111100000000000111111111111111111111
11111111111111111101000000000111111111111111111111
11111111111111111111111111111111111111111111111111
