11111111111111111111111111111111111111111111111111
11111111111111111111111111111111111111111111111111
11111111111111111111111111111111111111111111111111
11111111111111111111111111111111111111111111111111
11111111111111111111111111111111111111111111111111
11111001111111111111111111111111111111111111111111
11110001111111111111111111111111111111111111111111
11000001111111111111111111111111111111111111111111
11000001111111111111111111111111111111111111111111
10010000111111111111111111111111111111111111111111
10000000111111111111111111111111111111111111111111
10000111111111111111111111111111111111111111111111
10001111111111111111111111111111111111111111111111
10000111111111111111111111111111111111111111111111
10000011111100111100001111111111111111111111111111
10000001111100100100001111111111111111111111111111
10010000000000000000001111111111111111111111111111
10000010000111000000000001111111111111111111111111
10000001011111000000000001111111111111111111111111
11101011111111000100000000111111111111111111111111
10001111111110000000000000011111111111111111111111
10001000111110000000000000001111111111111111111111
10000010011111000000000000000111111111111111111111
10001110001110000000000000000011111111111111111111
10000110001110000000000000000001111111111111111111
10000011001110000000000000000000111111111111111111
10000010011111000000000000000000011111111111111111
10000010011000000000000000000000011111111111111111
10000000001001000000000000000000011111111111111111
10000000001000111000000000000000011111111111111111
10000000011110111000000000000000011111111111111111
10000000000000111110000000000111111111111111111111
11000000000000010000000000001111111111111111111111
11100010000000010100011100001111111111111111111111
11000000000000010000011001000111111111111111111111
11100000000000001000001000000011101111111111111111
10000000000000001000001000000110001111111111111111
10000000000000000000000010100000011111111111111111
10000000100000000000000000000000001111111111111111
10000000000000000000000011000000011111111111111111
10000000000000000000000000000000011111111111111111
10000000000000000001000000010000001111111111111111
10000000000011100001100000000000000111111111111111
10000000000010000011100000000000000111111111111111
10000000000100000011110000000000011111111111111111
10000000000000000011110000000000001111111111111111
10000000001100110011111100000000011111111111111111
10000000000001111111111100000000011111111111111111
10000000000111111111111100000010011111111111111111
11111111111111111111111111111111111111111111111111
