11111111111111111111111111111111111111111111111111
10000100000000000011111111111111111111111111111111
10000010000000000000000111111111111111111111111111
10000000000000000000010001111111111111111111111111
10000000000000000000010001111111111111111111111111
10000000000000000000011001111111111111111111111111
10000000000000000000011000111111111111111111111111
10000100000000000000000100011111111111111111111111
11000000000000000000000001111111111111111111111111
10000000001000000000010001111111111111111111111111
10000000000000000000000011111111111111111111111111
10000000000000000000000011111111111111111111111111
10000000000000000000001111111111111111111111111111
10000000001000000000001111111111111111111111111111
10000000000000000000010001111111111111111111111111
10000000000001001100000000011111111111111111111111
10000000000000000011000010000111111111111111111111
10000000000010000010000000000111111111111111111111
10000000000000000100000000010101111111111111111111
11100001000000000000000000000001111111111111111111
11101101000000000000000010000000111111111111111111
11111111000000000000000000000001111111111111111111
11111111110010000010010000000000111111111111111111
11111111111000010000000000000000000111111111111111
11111111111100100000000000000000000110111111111111
11111111111100001100010000000000000000011111111111
11111111111111111000110000000000000000111111111111
11111111111111111100000000000100011001111111111111
11111111111111111111000000111000011001111111111111
11111111111111101111000100111000011101111111111111
11111111111100001110000000111000001111111111111111
11111111111000000010011101110000000011111111111111
11111111111000000000111111111100000011111111111111
11111111111100000000111111111111100111111111111111
11111111111100000000111111111111111111111111111111
11111111111111000000000000010111111111111111111111
11111111111111100011000000000111111111111111111111
11111111111111000111100000001001111111111111111111
11111111111111001111100000000001111111111111111111
11111111111110001111100000000001111111111111111111
11111111111110001111101000000001111111111111111111
11111111111110001111000000000001111111111111111111
11111111111111100000000000000001111111111111111111
11111111111111110010100000000001111111111111111111
11111111111111100110010000000001111111111111111111
11111111111111110000000000000000111111111111111111
11111111111111100011000000000000111111111111111111
11111111111111100111000000000001111111111111111111
11111111111111101111100000001111111111111111111111
11111111111111111111111111111111111111111111111111

Wandzellen: 1620
Bodenzellen: 880
