11111111111111111111111111111111111111111111111111
11111111111111111111111111111111111111111111111111
11111111111111111111111111111111111111111111111111
11111111111111111111111111111111111111111111111111
11111111111111111111111111111111111111110001111111
11111111111111111111111100001100001111100001111111
11111111111111111111111100000100000000000011111111
11111111111111111111111000000100000000000111111111
11111111111111100011000110000100001000000111111111
11111111111111100001000010000100111110010111111111
11111111111111000000000100000000110111110111111111
11111111111000000100000000000000000000010111111111
11011111111011110100000000000000000000000111111111
10000001100011100000000000000000000000001111111111
10000000100011100000000000000000000000011111111111
10000000100000000000000010000000001011111111111111
10100000000011100000000111110101000011111111111111
10000000000001100000000001110100000111111111111111
11100000000011111111101001000101110011111111111111
11000000000011111111100000000101110011111111111111
11000000000011111111111000000001110011111111111111
11000000000101111111110000000111111111111111111111
10000000000000111111000000111111111111111111111111
11000000010001111110000010010011111111111111111111
10000100000011111100011100000011111111111111111111
11101100000111111100000110000001111111111111111111
11111110000011111111000111001101111111111111111111
11111110000001111100010111000001111111111111111111
11111110000000010000000000000000111111111111111111
11111111111110000000000000000100111111111111111111
11111111111000000000000000000001111111111111111111
11111111100000000000000000000011111111111111111111
11111111110000000000001000000011111111111111111111
11111111110000000000000000000011111111111111111111
11111111110000001000000001001011111111111111111111
11111111000000000000000000001111111111111111111111
11111111000000000010000001000111111111111111111111
11111110000000000000000001000111111111111111111111
11111100000100000010000000101111111111111101111111
11111100011100000000001000011001111111111001011111
11111110000000000001000000000001111111100000001111
11111110010000000001111111011100001111000000011101
11111111110000000000111111111111001000000000000001
11111111011100000000111111111110000000000000000011
11111111000000000000001111111100000000000000000001
11111100000000000000001111111000000000000000000111
11111110000000011111000111111000000000000000001111
11111111000001111111111111111110000000000000001111
11111111000001111111111111111110000000000000001111
11111111111111111111111111111111111111111111111111
