11111111111111111111111111111111111111111111111111
11111111111111111111111111111111111111111111111111
11111111111111111111111111111111111111111111111111
11111111111111111111111111111111111111111111111111
11111111111111111111111111111111111111111111111111
11111111111111111111111111111111111111111111111111
11111111111111111111111111111111111111111111111111
11111111111111111111111111111111111111111111111111
11111111111111111111111111111111111111111111111111
11111111111111111111111111111111111111111111111111
11111111111111111111111111111111111111111111111111
11111111111111111111111111111111111111111111111111
11111111111111111111111111111111111111111111111111
11111111111111111111111111111111111111111111111111
11111111111111111111111111111111111111111111111111
11111000011111111111111111111111111111111111111111
11110000010111111011111111111111111111111111111111
11000010000000100011111111111111111111111111111111
10000111000000001001111111111111111111111111111111
10011111000000111011111111111111111111111111111111
10111111000000001011111111111111111111111111111111
10011001100000000001111111001111111111111111111111
11011001100111000000111111000011111111111111111111
11001001101111111001111111000001111111111111111111
11100000100111111000011100000001111111111111111111
11000000000001110000001000000001111111111111111111
11100000001000100000001000000011111111111111111111
11100000000000000100001000000011111111111111111111
10000000000000000100001000001011111111111111001111
10000000000000001000000000100011111111111110000111
11000000000000001000010000110001111111111100000111
11100000000000000000000001100001111111111000011111
11111000000000000000000010000001111111100000111111
11110000000100000000000000000000111111101000001111
11100100000100000000000000000000111111100000001111
11110000000000000000000000000000000111100000001111
11111000000000011000000000000000000111000000010111
11111000000000000001011100000101000100000000000011
11110000000000000001011000001000000000000000010011
11111000000000000001000000000000000000000011000001
11000000000000110000000010000000000000000111000001
10001100000000110001000010000000000000000001000001
10100110000000110000111110000000000000000001000001
10000000000000000001111110000000000000000000010011
10001000000000000000001111100000000000001000011111
10000000001000000000011111100000000011001100000111
10010000000000000000111111100000101111001100000111
10000000111000000000011110000000001111111100000111
10000000111000000000011110000000001111111111101111
11111111111111111111111111111111111111111111111111

Wandzellen: 1581
Bodenzellen: 919
