11111111111111111111111111111111111111111111111111
11111111111111111111111111111111010001111110000011
11111111111111111111111111111111000000011000000011
11111111111111111111111111111110000000000001010001
11111111111111111111111111111111110000011110000001
11111111111111111111111111111111111000011111100001
11111111111111111111111111111111111000000001111101
11111111111111111111111111111111000000100001110001
11111111111111111111111111111110001000000000000011
11111111111111111111111111111100011100000000000011
11111111111111111111111111011110111100000000000011
11111111111111111111111111000000111100000000000011
11111111111111111111111111100010110000000000000011
11111111111111111111111000000000111000000000001111
11111111111111111111111000000011111100000000001111
11111111111111111111100000000011111111000000011111
11111111111111111100001000001011111111111110111111
11111111111111111100001000000001111111111110111111
11111111111111111111100000001000111111111110111111
11111111111111111100000111001000111111111110111111
11111111111111111100001110000000011111111110111111
11111111111111111100011100000000111111111000111111
11111111111111111111111100000000000111111011111111
11111111111111111111111111000000000001111011111111
11111111111111111111111110000000111100011001111111
11111111111111111111111111100000011000000000111111
11111111111111111111111111110000011011011100001111
11111111111111111111111111110000111001111010001111
11111111111111111111111111110111111100000011001111
11111111111111111111111111100001111101000011101111
11111111111111111111111111111101111100000000001111
11111111111111111111111111111001111001000010001111
11111111111111111111111111111100111010000000001111
11111111111111111111111111111100111000000001111111
11111111111111111111111111111100000000000000111111
11111111111111111111111111111111000000000000111111
11111111111111111111111111100100001000000000000111
11111111111111111111111111100000011001000000000111
11111111111111111111111111100011001100000000000011
11111111111111111111111111100000001100000000000011
11111111111111111111111111100000001110000000000001
11111111111111111111111111100000000000000000000001
11111111111111111111111111100000000000000000000001
11111111111111111111111111100100000000000000000001
11111111111111111111111111100000000000000000000001
11111111111111111111111111100000000000000000000001
11111111111111111111111111100000000000000000000001
11111111111111111111111111100000000000000000000001
11111111111111111111111111111000000000000000000001
11111111111111111111111111111111111111111111111111
