11111111111111111111111111111111111111111111111111
11010000001111111111000011100000001111111111111111
10000000001111111110000001100000001111111111111111
10001000000011111100000001010000000111111111111111
10010000000011111000000000000000000011111111111111
10000000000011010000000111110001000111111111111111
10000001000000000000000111111001001111111111111111
10000000000000001000000111110011111111111111111111
10000000001000000000000111100001111111111111111111
10110100001000000000000111000111111111111111111111
10000000011100000000000111000011111111111111111111
11000011111100000000000111000011111111111111111111
11100111011100000000000011110011111111111111111111
11100011011101010100000010000001111111111111111111
11110100000100000100000000000001111111111111111111
11111100000000000000000000010011111111111111111111
11111000000000000000000000000000110001111111111111
11111000000000000000000000000000000000111111111111
11111000000000000000000000000000000100011111111111
11111000000000000000000000000000000000011111111111
11110000000000000000100000000001111001111111111111
11100011000000000000000000000001111111111111111111
11111111000000000000000000000001111111111111111111
11111111000000000000000000110001111111111111111111
11111111100011000000000000111011111111111111111111
11111111100000000000000001110011111111111111111111
11111111000001100000000001110111111111111111111111
11111111011000000011000000100111111111111111111111
11111111011010000000000100000111111111111111111111
11111110000000000000000000000111111111111111111111
11111000001010000000000000000000111111111111111111
11110000010010000000000000000000011111111111111111
11110000000000000000000000000000000111111111111111
11110000001000000000100000000000001111111111111111
11111000111100000000000000100000000111111111111111
11111000111100000000000000000000000111111111111111
11111110111100000000000000001000000111111111111111
11111111111110000000000000001000000111111111111111
11111111111111000000000000001000111111111111111111
11111111111111000000111000001100001111111111111111
11111111111110000000111100000000001111111111111111
11111111111111110001111111000111001111111111111111
11111111111111111111111111100111000111111111111111
11111111111111111111111111000111111111111111111111
11111111111111111111111111000011111111111111111111
11111111111111111111111111110001111111111111111111
11111111111111111111111110000001111111111111111111
11111111111111111111111111000011111111111111111111
11111111111111111111111111100001111111111111111111
11111111111111111111111111111111111111111111111111
