11111111111111111111111111111111111111111111111111
11111111111111111111111111111111111111111111111111
11111111111111111111111111111111111111111111111111
11111111111111111111111111111111111111111111111111
11111111111111111111111111111111111111111111111111
11111111111111111111111111111111111111111111111111
11111111111111111111111111111111111111111111111111
11111111111111111111111111111111111111111111111111
11111111111111111111111111111111111111111111111111
11111111100011111111111111111111111111111111111111
11111110000111111111111111111111111111111111111111
11111110000110111111111111111111111111111111111111
11111110000000011111111111111111111111111111111111
11111110000000011111111111111111111111111111111111
11111110000000011100101111111111111111111111111111
11111110000000000000000001111111111111111111111111
11111110000000000000000001111111111111111111111111
11111100000000000000000000000111111111111111111111
11111000000000000000000000000111111111111111111111
11101000000000000000000000000111111111111111111111
11101000000000000000000000001111111111111111111111
11100000000000000000000000011111111111111111111111
11100000000000000000000000011111111111111111111111
10000000000000000000000000011111111111111111111111
10000000000000000000000000011111111111111111111111
10000000000010000000000000001110111111111111111111
10000000000000000000000000111110111111111111111111
11000000000000000000000000111110111111111111111111
11000000000000000000000001110000111111111111111111
11000000000000000000000000000111111111111111111111
11000000000000000100011111100011111111111111111111
11000000000000000000111111111111111111111111111111
10000000000000000000111111111111111111111111111111
10000000100000010000011111111111111111111111111111
10000000100000000000011111111111111111111111111111
10000000000000000000011111111111111111111111111111
10110000000000000000001111111111111111111111111111
11110000000000000000001111111111111111111111111111
11110000000000000000001111111111111111111111111111
11110001000000000000011111111111111111111111111111
11110001110000111000000111111111111111111111111111
11111000111000111100111111111111111111111111111111
10100000011000111111111111111111111111111111111111
10000000000001111111111111111111111111111111111111
10000000000011111111111111111111111111111111111111
10000000000011111111111111111111111111111111111111
10000000000001111111111111111111111111111111111111
10000000000000111111111111111111111111111111111111
10000000000000111111111111111111111111111111111111
11111111111111111111111111111111111111111111111111
