11111111111111111111111111111111111111111111111111
11111111111111111111111111111111111111111111111111
11111111111111111111111111111111111111111111111111
11111111111111111111111111111111111111111111111111
11111111111111111111111111111111111111111111111111
11111111111111111111111111111111111111111111111111
11111111111111111111111111111111111111111111111111
11111111111111111111111111111111111111111111111111
11111111111111111111111111111110001111111111111111
11111111111111111111111111111110000111111111111111
11111111111111111111111110111000000000111111111111
11111111111111111111111100001000000001111111111111
11111111111111111111111100001000000000111111111111
11111111111111111111111110001000000000111111111111
11111111111111111111111110000000001001111111111111
11111111111111111111111110000000000001111111111111
11111111111111111111100000000000011011111111111111
11111111111111111111101100000001111111111111111111
11111111111111111111100110000000011111111111111111
11111111111111111111100100001000000111111111111111
11111111111111111111100000001110000011111111111111
11111111111111111111100000000110000011111111111111
11111111111111111111100000000110000111111111111111
11111111111111111111100000010000000111111111111111
11111111111111111111000000000000000011111111111111
11111111111111111110000000000000000011111111111111
11111111111111111000000000000000000011111111111111
11111111111111111001100000000000000111111111111111
11111111111111110001111000000000000111111111111111
11111111111111110000000000000000000111111111111111
11111111111110000000000000000001000111111111111111
11111111111000000000000000000001001111111111111111
11111111110000000000000000000011001111111111111111
11111111110000000000000000000011101101111111111111
11111111100000000000000010110001100000111111111111
11111111100000000000000000000100000001111111111111
11111111000000000000000000000000000001111111111111
11111111011000010000000000000000001111111111111111
11111110011000001100000000000000001111111111111111
11011111000000000000000000000000000111111111111111
10000110000000000000000000000000000011111111111111
11100110000000000000000000000000000001111111111111
11100100000000000000000000000000000000001111111111
11110000000000000000000000000000000000001111111111
11100000000000000000000000000000000001011111111111
11000000000000000000000000000000000011111111111111
10000000000000000000000000000010000011111111111111
10000000000000000000000000000000000011111111111111
10000000000000000000001000000001000011111111111111
11111111111111111111111111111111111111111111111111
