11111111111111111111111111111111111111111111111111
11111100000001111111111111111111111111111111111111
11111000000001111111101111111111111111111111111111
11110000000001111001101111111111111111111111111111
11110000000001011000001111111111111111111111111111
11110000000000000000001111111111111111111111111111
11100000000000000000001111111111111111111111111111
11100000000000000000000111111111111111111111111111
10000000000000000000000111111111111111111111111111
10000000000000000000000111100111111111111111111111
10000000000000000000000001100001111111111111111111
10000000000000000000000000000001111111111111111111
10000000000000000000000000111101111111111111111111
10000000000000001000000000000001111111111111111111
10010000000000011000000000000011111111111111111111
10000000000000000000000000000111111111111111111111
10000111000000000000011000000011111111111111111111
10000111100000000000100000000011111111111111111111
10001111100000000000000000000011111111111111111111
10001100100000110100000000000011111111111111111111
10000000000000111000000000000000011111111111111111
11110000011001111000000000001000001111111111111111
11110000111111111000001000000000001111111111111111
11110000011011111100000000000000001111111111111111
11111000011001111100000000001100001111111111111111
11110000010001111100000000001100000111111111111111
11110000000001111100000000001100000111111111111111
11100000110111111100000000000000000111111111111111
11100000010111111000010100000000000111111111111111
10000000000001111000110011000111100111111111111111
10000000110000001110010000000111100111111111111111
10000010000000000000000000000111000111111110000001
10000011110111100000000000000011000000100110000101
10000010010011100000001110000010000100100000000101
10000000000000000011011000000000001100001111010101
10000010010100000000000000000000000000111111000101
10000000000000000001001000001100000110111111111001
10000111101000000000010011111000000010111111100001
10111111111110001000011111110000000000111111000001
10111111111111100001001111100000000100111111101111
10111111111111100011001111000100000100111111001111
11111111111111110011000000010100000000111110011111
11111111111111111111000111111111111000111110111111
11111111111111111111111111111111111100000000111111
11111111111111111111111111111111111110000011111111
11111111111111111111111111111111111111111111111111
11111111111111111111111111111111111111111111111111
11111111111111111111111111111111111111111111111111
11111111111111111111111111111111111111111111111111
11111111111111111111111111111111111111111111111111
