11111111111111111111111111111111111111111111111111
11100010000111111111000000000111111111111111111111
11100000000111111110000000000111111111111111111111
11110100000011111110000000000111111111111111111111
11110000000011111111000000000111111111111111111111
11000100000001111111111100000001111111111111111111
11000010011011111111111101000001111111111111111111
11000000010011111111111100000011101110001111111111
10000111110001111111111110000000001110011111111111
11110111100001111111111111011000011110101111111111
11110001110001111111111111011100000010000001111111
11111001000101111111111101000000000010000101111111
11111000000000111111111100000000000011000000011111
11111100000000001111111100000000000000001100011111
11111101111000001111111000000000000001111100001111
11111100000100000111111110000000000001111101000011
11111100001000000111111110110000000001111111100001
11111101000000000111111100100000000000000111110011
11111101000000001111111100000001100011100111100111
11111001000000001111111110000000100000000001100111
11111011100000001111111110000000000000000001101111
11111011100001011111111000000000001100000000001111
11111011100000111111101000000000001110000011001111
11111011100000111111001000000000000111000011111111
11111000111110011011000100000000000011100011111111
10010100111110000000100000000000000111110011111111
10000000111000000010100000000000000111011000011111
10100111110000000010000000000000100001000000111111
10111111110000000010000100000000000000000000111111
10001111111111110010000000000011000000000000111111
10011111111111110100011100000111000000000000001111
10001111111111111001011100000000000000000000001111
10011111111111111001111111000000000000000000001111
10011111111111111111111111100000010000000000001111
10000111111111111111111111110000011100000000011111
10000011111111111111111111111111111111000000011111
10000111111111111111111111111111111111100000011111
10000011111111111111111111111111111111111000011111
11110001111111111111111111111111111111111101111111
11100000111111100011111111111111111111111111111111
10000000110000100011111111111111111111111111111111
10000000010000000111111111111111111111111111111111
10000100000000000011111111111111111111111111111111
10000000000000000011111111111111111111111111111111
10000000000000000011111111111111111111111111111111
10000000000000000011111111111111111111111111111111
11000000000000000011111111111111111111111111111111
11010000000000000011111111111111111111111111111111
11000000000000000011111111111111111111111111111111
11111111111111111111111111111111111111111111111111

Wandzellen: 1515
Bodenzellen: 985
