11111111111111111111111111111111111111111111111111
11111111111111111111111111111111100000000000000001
11111111111111111111111111111111000000000000000001
11111111111111111111111111111110000000000000000001
11111111111111111111111111111110000000000010000001
11111111111111111111111100111110000000000000000001
11110001110111111111111000011110000000000000000001
11111000000111111111111000000111100000000000000001
11111100100111111111100000000010000000000000000001
11111100110111111111100000000100000000000000000001
11111100010111111111100000000100000000100000000001
11111110000111111111111101100000011111000000000001
11111110000011111111111101110001111111000000000011
11111111100011111111111000100111111111100000000011
11111111110011111111110000010011111110100000000011
11111111111011111100100000000010111100000000000011
11111111001011111000100000000000111100000000000001
11111110000001110000000000000000111000100000000001
11111110000001000000110000000101111001000000000001
11111110100000000000000000000111111100000000000001
11111111100000000000010000000111111110010000000001
11111111100000000000000000000111111110000000000001
11111111100000000000000000000111111100000100000001
11111100000000000000000000000011111110001100000001
11111111000000000000110000000001100000000100000001
11111111111100000001100000000011000010011100000001
11111111111100000001110000000000010001111100000001
11111111111100111001110000000111000101111100000001
11111111111100111000000000000111000111111000000001
11111111111110111101000000000111111111111000000001
11111111111110011111000111111111111111100000000001
11111111111111001000001111111111111111110000000001
11111111111111100000111111111111111111111110000001
11111111111111110111111111111111111111111110000001
11111111111111111111111111111111111111111111000011
11111111111111111111111111111111111111111111010001
11111111111111111111111111111111111111111111000001
11111111111111111111111111111111111111111111111001
11111111111111111111111111111111111111111111111111
11111111111111111111111111111111111111111111111111
11111111111111111111111111111111111111111111111111
11111111111111111111111111111111111111111111111111
11111111111111111111111111111111111111111111111111
11111111111111111111111111111111111111111111111111
11111111111111111111111111111111111111111111111111
11111111111111111111111111111111111111111111111111
11111111111111111111111111111111111111111111111111
11111111111111111111111111111111111111111111111111
11111111111111111111111111111111111111111111111111
11111111111111111111111111111111111111111111111111
