11111111111111111111111111111111111111111111111111
11111111111111111111111111111111111111111111111111
11111111111111111111111111111111111111111111111111
11111111111111111111111111111111111111111111111111
11111111111111111111111111111111111110001111111111
11111111111111111111111111111111111000001111111111
11111111111111111111111111111111111001001111111111
11111111111111111111111111111111111011101101111111
11111111111111111111111111111111111000001101111111
11111111111111111111111111111111111000000101111111
11111111111111111111111111111111111110000001111111
11111111111111111111111111111111111100000001001111
11111111111111111111111111111111111100001000000111
11111111111111111111111111111111111100000000000011
11111111111111111111111111111111111100000000000011
11111111111111111111110011111111111100000000000011
11111111111111111111100011111111110000000000000001
11111111111111111111100000111111111000000000001001
11111111111111111100000000111100111100000000000001
11111111111111111101110000011100111100010010000001
11111111111111111001110000000110000000010010000001
11111111111111111011110000000110000010010000000001
11111111111111111001000000000100000000010000000011
11111111111111111100000000001000000000110000000001
11111111111111111110000000000000000000000000000001
11111111111111111110000000000000000000000010000001
11111111111111111111100000000000000000001000000001
11111111111111111111100000000000000000000000000001
11111111111111111111000000000000000000100000000001
11111111111111111111100000000000000000000000000001
11111111111111111110000000000011000000000000000001
11111111111111111110000000000000000000000000001001
11111111111111111100000000000000000000000001001001
11111111111111100000000000000000000000000000000001
11111111111111100000000000000000100000000000000001
11111111111111110000000000000000000000000000000001
11111111111111110000000000010110000000000000000001
11111111111111111100000000110000000000010000000001
11111111111111111100000111100100000000000000000001
11111111111111111111111111000000000000000000000001
11111111111111111111111111100000100000000000000101
11111111111111111111111100000000000000000000000011
11111111111111111111111100110000000000000000000001
11111111111111111111111110110000000000000000110001
11111111111111111111111110110000000000000111111111
11111111111111111111111110110000000000000111111111
11111111111111111111111110000000000001111111111111
11111111111111111111111111101111100000011111111111
11111111111111111111111111111111100000111111111111
11111111111111111111111111111111111111111111111111
