11111111111111111111111111111111111111111111111111
11111100000001100000000000000011111111111111111111
11111100000001000000000000000001111111111111111111
11111100000110010000000000000100111111111111111111
11111000000000000000000000000001111111111111111111
11111000000000000000000001100100000111111111111111
11111000010000000000111100000000000111111111111111
11111111111100000000001111001110111111111111111111
11111111111111001000000111100110111111111111111111
11111111111111001000000111000000011111111111111111
11111111111111011000000000000000001111111111111111
11111111111111000010000001000000000010011111111111
11111111111111010000000000000000000000010011111111
11111111111111000011010000000000000000000010011101
11111111111111000001110000000111000000000000000001
11111111111111001001110000000011100000000010000001
11111111111111011100100000000111110000000010000001
11111111111111111100000000010111111100100000000001
11111111111100111110000000010011111111111110000001
11111111111000111000011000000000011111111100000011
11111111111100000000000000000010011111111100000001
11111111110000000000000000000000011111111100000001
11111111110000000000000000000000011111110100000001
11111111110000000000000000000000111111110000000001
11111111000010000000000000000011111111111110000001
11111111110100000000000000000111111111111110010001
11111111100100000000000000011111110000000010000101
11111111100100000000000000000111000000111000000001
11111111101100100001100000000110001100011100000001
11111111101111100000000000000010011100000100000001
11111111100111000000000000000000011111111000100001
11111110000100000000000000000000011111111001110001
11111110000101000000000000000000011111111100000001
11111100001111111000000000000000111111111100111001
11111100011111111111100000000100111111111111111011
11111111011111111111100000000001111111111111111111
11111111011111111111101000000001111111111111111111
11111111001111111111111000000001111111111111111111
11111111101111111110000000000001111111111111111111
11111111101111111100000000000011111111111111111111
11111111001111111000000000000001111111111111111111
11111100011111111100000000000000001111111111111111
11111100011111111100000100110001011111111111111111
11111111111111111100000000110001011111111111111111
11111111111111111111000000111100011111111111111111
11111111111111111111000011111111001111111111111111
11111111111111111111100011111111001111111111111111
11111111111111111111100011111111000111111111111111
11111111111111111111111111111110000011111111111111
11111111111111111111111111111111111111111111111111
