11111111111111111111111111111111111111111111111111
11111111111111111111111111111111111111111111111111
10111111111111111111111111111111111111111111111111
10001111111111111111111111111111111111111111111111
10000000001111111111111111111111111111111111111111
10000000000111111111111111111111111111111111111111
10000000000111111111111111111111111111111111111111
10000000000011111111111111111111111111111111111111
10000000000001111111111111111111111111111111111111
10000000000000111111111111111111111111111111111111
11001000000000111100111111111111111111111111111111
11100000000000111100111111111111111111111111111111
11101100100000001000011111111111111000011111111111
11111100000000000000001111111100010000001111111111
11111111100000000000001100000000010000000011111111
11111111110000000000011000010000000100000111111111
11111111111000000000000000000000001100000011111111
11111111111110000000000000000000001000000011111111
11111111111100000000000000000000000000000001111111
11111111000000000000000000000000000000000000011111
11111111100000000000000000100001000000000000011111
10001111110000000000000000010101000000011101011111
10001111110000000000000001011101000000000101000001
10001111110111000000001011011000000000000111110001
10000111111111000000001000001000000000000111110001
10000011101111000000000000000000000000110000010001
10000110000000000000000000000000000001110000000001
10000000000000100001001000000000000000000000000001
10000000001111110011000000001000000000110000000101
10000000011111111111000001001101100010000000000001
10000000111111111111010011111000000110000000000001
10001000111111111110000111111100000111100000001101
11111000111111111110000011111101000111100000001111
11111110111111111110000001111111000000000000001111
11111110011111111111000001111111111000011101000001
11111000011111110001011111111111111001111101100001
11111000111111110000011111111111111111111101100001
11111000011111110000011111111111111111111101110001
11111000001010000000111111111111111111111001101001
11111101110000000000000011111111111111110011100001
11110001110000000000010011111111111111110000000001
10000111110001000000010001111111111111110000110001
10110011111000000000000000111111111111111100110001
10111110111011000000001111111111111111111111110001
10100100111011110011111111111111111111111111111111
10000000100011111011111111111111111111111111111111
10000000000001111111111111111111111111111111111111
11000000100001111111111111111111111111111111111111
11111100110001111111111111111111111111111111111111
11111111111111111111111111111111111111111111111111
