11111111111111111111111111111111111111111111111111
10000010000001111111111111100111111111111111111111
10000010000001111111111111100001111111111111111111
10000000000000111111111111000011111111111111111111
10000000000111111111111100000111111111111111111111
10000000001111111111111100000111111111111111111111
10000000001111111111111100000001111111111111111111
10000000001111100001111100000001111111111111111111
10000000000010000000011110000000111111111111111111
10000000000010000000011110000000000011111111111111
10000000000000000000011000000000000011111111111111
10000000000000000000000001110000000111111111111111
10000000000000000000000011000000000011001111111111
10000000000011000000000100001000000011000011111111
10000010000000000000000000000110000000000001111111
10000000000010000000000000001110001001100000011111
10000001000000000000000000001110001001101000011111
11100000000000000000000000011111110011111101111111
11110000000000000000000000011111111011111001111111
11110000100000000000000000000110000000000011111111
11100000000000000000000000110010010000000011111111
11000000000000000000000000011000000010000111111111
11110000000000000000000000001000011010111111111111
11000000000000000000000010000000111111111111111111
11000000000000000000011010000011111111111111111111
11000000000000000000111010001111111111111111111111
10000000000011100000110010111111111111111111111111
10000000000011000000100000011111111111111111111111
10000000000011101100000000011111111111111111111111
10000000000111111100000000111111111111111111111111
10000110011111111111100000111111111111111111111111
10000010011111111111110011111111111111111111111111
11111111111111111111000011111111111111111111111111
11111111111111111111001111111111111111111111111111
11111111111111111111111111111111111111111111111111
11111111111111111111111111111111111111111111111111
11111111111111111111111111111111111111111111111111
11111111111111111111111111111111111111111111111111
11111111111111111111111111111111111111111111111111
11111111111111111111111111111111111111111111111111
11111111111111111111111111111111111111111111111111
11111111111111111111111111111111111111111111111111
11111111111111111111111111111111111111111111111111
11111111111111111111111111111111111111111111111111
11111111111111111111111111111111111111111111111111
11111111111111111111111111111111111111111111111111
11111111111111111111111111111111111111111111111111
11111111111111111111111111111111111111111111111111
11111111111111111111111111111111111111111111111111
11111111111111111111111111111111111111111111111111
