11111111111111111111111111111111111111111111111111
11111111111111111111111111111111111111111111111111
11111111111111111111111111111111111111111111111111
11111111111111111111111111111111111111111111111111
11111111111111111111111111111111111111111111111111
11111111111111111111111111111111111111111111111111
11111111111111111111111111111111111111111111111111
11111111111111111111111111111111111111111111111111
11111111111111111111111111111111111111111111111111
11111111111111111111111101111111111111111111111111
11111111111111111111110000111111111111111111111111
11111111111111111111100000011100011111111111111111
11111111111111111111000000010110011111111111111111
11111111100001100111001100000000011111111111111111
11111111100000000111001100000110001111111111111111
11111111001110000110000000000110000111111111111111
11111111100111000100000000000110000011111111111111
11111100000110000000000000001111110011111111111111
11111110110000000000000000001100100011111111111111
11111110011100000000000000000000000011111111111111
11111110000000000000000000000000000011111111111111
11111111000000000000000000000000000001111111111111
11111111111000000000000000000000011100111111111111
11111111111010000000000000000000011110111111111101
11101111111111100110000000000000000010111111110001
10001111111111110000000000000000000010111001110001
10001111111111110100001000000000011110011000100001
10111111111111111111001100000000000010011100000001
10111111111111111111001100000000000000000000001011
10011111111111111111000000000000100000000100001011
10111111111111111111000000000000000100100000001001
10000111111111111111100000000000111111000000011101
10000000111111111111100000000000111111000000001001
11000100111001111111111000000011111111100000011001
11111100110001111111111111111111110000100111000001
11111100000001111111111111111111111000000011100001
11111110110001111111111111111111111000000010100001
11111111100000111111111111111111111000000000011101
11111100000111111111111111111111110000000000011111
11111101111111111111111111110111111000000000011111
11110101111111101111011111000011110000000000001111
11110000100111100000011110000011100000000000000011
11111000100111100100000110010100000000000000000011
11111100000011100110000000000000000000000000000011
11111000100011110000000011000001000000000000000011
11100000000000110000000000000000000000000000000011
10001011000001110000000000000000000000000000010011
11100000000000110000000000000000000000000101111011
11110111110000000000000001000000000000001111111111
11111111111111111111111111111111111111111111111111
