11111111111111111111111111111111111111111111111111
11111111110000000001101111111111111111111111111111
11111111110000000000000011111111111111111111111111
11111110000000000000000011111111111111111111111111
11111110000000000000000000111111111111111111111111
11111111000000000000000000011111111111111111111111
11111111100000000000000000011111111111111111111111
11111000000000000000000001111111111001111111111111
10000000000000000000000111110100100000111111111111
11000000000000000000000011100100000000111111111111
11000001000000000000000001000000000100111111111111
10000001110000000000000000000000010111111111111111
10000000000000000000011100011000100010111111111111
10000000000000000000000110000000000010011111111111
10000000100000000110001100100011010000001111111111
10000001100000000111011000000111111100011111111111
10000001000001010100000000000111111110011111111111
10000000000000000010000110000001001111011111111111
10000000000000011000000110000100000011001111111111
10000000000000000000000110011100000001001111111111
10000000000000010000000000111100000011101111111111
10000000000000000100000000111000001111000011111111
10000000001000011100111101110001111000100011111111
10000000000000000111111110010011111010011011111111
10000000000000000111111100010011111001001011111111
10000000000000101111111000000011110000000011111111
10000000000010101111111100000011111111000111111111
10000000000010101111111100000011111111001111111111
10000000000000001111111111111111111111111111111111
10000000000001011111111111111111111111111111111111
10000000011000001111111111111111111111111111111111
10000000011010011111111111111111111111111111111111
10100000000011111111111111111111111111111111111111
10000000011111111111111111111111111111111111111111
11100000011111111111111111111111111111111111111111
11101000011111111111111111111111111111111111111111
11110000011111111111111111111111111111111111111111
11100000111111111111111111111111111111111111111111
11111111111111111111111111111111111111111111111111
11111111111111111111111111111111111111111111111111
11111111111111111111111111111111111111111111111111
11111111111111111111111111111111111111111111111111
11111111111111111111111111111111111111111111111111
11111111111111111111111111111111111111111111111111
11111111111111111111111111111111111111111111111111
11111111111111111111111111111111111111111111111111
11111111111111111111111111111111111111111111111111
11111111111111111111111111111111111111111111111111
11111111111111111111111111111111111111111111111111
11111111111111111111111111111111111111111111111111
