11111111111111111111111111111111111111111111111111
11111111111111111111111111111111111000000000000001
11111111111111111111111111111111111000000000000001
11111111111111111111111111111111111100000010000001
11111111111111111111111111111111111100000000000001
11111111111111111111111111111111111100000000000001
11111111111111111111111111111111111100000000000001
11111111111111111111111111111111111100000000000001
11111111111111111111111111111111111100000000000001
11111111111111111111111111111111111100000000000001
11111111111111111111111111111111111000000000000001
11111111111111111111111111111111100000000001000001
11111111111111111111111111111111100000000000000101
11111111111111111111111111111110000000000000000001
11111111111111111111111111111110001000000100000001
11111111111111111111111111111100000001101110000001
11111111111111111111111111111101000011101110000001
11111111111111111111111111111101001011101111000001
11111111111111111111111111110000000010100110000001
11111111111111111111111111110000000000000000001001
11111111111111111111111111111110000000000000001111
11111111111111111111111111111110000000000000111111
11111111111111111111111111111110000000000000111111
11111111111111111111100000001111000000000001111111
11111111111111111111000000011111001000001111111111
11111111111111111111100000000111000000001111111111
11111111111111111111000000000000000000001111111111
10111100111101100000000000001000000000011111111111
10110000010000100101000000000000000000010111111111
10011000000000100111100100000000000000110111111111
10001000000000001111100000000000000000000001111111
10000000000000001111100000000000000000000011111111
10000000000010111111110000000000000000000001100111
10000000000111111100100000100000000000000000000001
10000000001111100100000000000000000000000011110001
10000101001111100000000001000001110000000111110011
10000000001100000000000000000011100000000011110011
10000001000100000000000000000000000000000011110011
10000001100000100000000001000000000000000111110111
10000001000010001000000101111001100000000111000111
10000000111000001001110001111111111100010000011111
10100001111100001000010000111111111111111011111111
10000000011000000000000001111111111111111111111111
10011001011000000010000011111111111111111111111111
11111110000000001000000001111111111111111111111111
11111110000000001011100000111111111111111111111111
11111110000000000011110111111111111111111111111111
11111110010000011011111111111111111111111111111111
11111100000000111111111111111111111111111111111111
11111111111111111111111111111111111111111111111111
