11111111111111111111111111111111111111111111111111
11111111111111111111000000000010000010010000000001
11111111111111111111000000000110000010000000000001
11111111111111111111010000001000000000000000000001
11111111111111111111100000000000001000000000000001
11111111111111111111110000000000000000000000000001
11111111111111111111000000000000011110100000000001
11111111111111111111000000000000100000000000000001
11111111111111111110001001000000000010101100000001
11111111111111111000001111100000001110001000000001
11111111111111111100111111100000100010011100000001
11111111111111111111111111110100000000111100000001
11111111111111111111111001110000000000000000000001
11111111111111111111110001111000000000000000001001
11111111111111111111100001111100000000000000011001
11111111111111111111100000001100000000001000011011
11111111111111111111110100000000000000011000000001
11111111111111111111110001000000110000000000000101
11111111111111111111111000111101111100000000000001
11111111111111111111111100111111111110000000000001
11100111111111111111111000111111111100000000000001
11100111111111111111111001111111111100000000000001
11100001111111111111111100011111111000100000000001
11100000001111111011111000011111111000000000000001
11110000001111111000000000111111110000000000000001
11110000000111111000000001111111100000000000000001
11000000000110011000000100111111111010000000000001
11000000011110001000000000111111111100000000000001
11000000111110000001000001111111111000000000000001
10000000011110000001100000111111111000000000010001
10000000001100000011100000001111111000000000011001
10000000000000000000000000000111111111000001011111
10000000000000000000000000000111111111100001111111
10000000000000000000001000001111111111111101111111
10000000000000000000001100000111111111111111111111
10000000000000000000000001011111111111111111111111
10000000000000000000001101111111111111111111111111
10000001000000000000001111111111111111111111111111
10000001101111000000001111111111111111111111111111
10011111111111110000011111111111111111111111111111
11111111111111111010011111111111111111111111111111
11111111111111111010011111111111111111111111111111
11111111111111111110111111111111111111111111111111
11111111111111111111111111111111111111111111111111
11111111111111111111111111111111111111111111111111
11111111111111111111111111111111111111111111111111
11111111111111111111111111111111111111111111111111
11111111111111111111111111111111111111111111111111
11111111111111111111111111111111111111111111111111
11111111111111111111111111111111111111111111111111
