11111111111111111111111111111111111111111111111111
11111111111111111111111111110110000000000001001111
11111111111111111111111111110000000000000000001111
11111111111111111111111111100000000000000000011111
11111111111111111111111110000000000000000000111111
11111111111111111111111110010000000001100000001001
11111111111111111111111000001100000000000000000001
11111111111111111111111000000000000000000000000001
11111111111111111111110000000000000000000000000001
11111111111111111111111001000000000000010000000001
11111111111111111111111100000000000000000111000001
11111111111111111111110000001110000000000000000001
11111111111111111111110000001011000000000000000001
11111111111111111111110000100001111000000000000001
11111111111111111111100010000000111001110000000001
11111111111111111110000000000010111111000000000011
11111111111111111110000000000000111111000000000011
11111111111111111110110000000001000110000000000001
11111111111111111111111000000000010100000000000101
11111111111111111111111000000000000000000010000001
11111111111111111111110000000000000000000010000001
11111111111111111111100000000000000000000000000001
11111111111111111111110000000000000000000001000001
11111111111111111111111000000000000000000000000001
11111111111111111111111000000000000000000001100001
11111111111111111111111000000000000000000001110111
11111111111111111111110000000110000110000011110111
11111111111111111101110000000110000000001011100001
11111111111111111001110000000110000000000000000001
11111111111111100001100100000000110100000000000001
11111111111111100000000100011000000100011000000001
11111100111111100000000110000001110111011000000001
11111100111111100101111111100111111111111001000001
11111100111111000000111111111111111111111101000001
11111000000010000000001111111111111111111110000001
11100000111000000000011111111111111111111110000011
11100000111100000000111111111111111111111111100001
11111000111000000010111111111111111111111100000001
11100000001001100011111111111111111111111100000001
10000000000001110111111111111111111111111111110001
10000000100001111111111111111111111111111111110001
10110001110011111111111111111111111111111111110001
11110001000011111111111111111111111111111000100001
11000000000001111111111111111111111111111000000001
10000000000000011111111111111111111111111000000001
10000000010000011111111111111111111111111110000001
11111100011100111111111111111111111111111110000101
11111110001100111111111111111111111111111110000001
11111110000000011111111111111111111111111110000001
11111111111111111111111111111111111111111111111111
