11111111111111111111111111111111111111111111111111
11111111111111111111111111111111111111111000011111
11111111111111111111111111111111111111100000011111
11111111111111111111111111111111111111101000001111
11111111111111111111111111111111111111101000011111
11111111111111111111111111111111111111101110000111
11111111111111111111111111111111111100001110000001
11111111111111111111111111111111100000011110000001
11111111111111111111111111111111110000011111010011
11111111111111111111111111111111111100011111110011
11111111111111111111111111111111111100111111110111
11111111111111111111111111111111111001111111110111
11111111111111111111111111111111111011111111000101
11111111111111111111111111111111111111110111100001
11111111111111111111111111111111111111110000100001
11111000001011111111111111111111111111110000000001
11111100000011111111111111111111111111110000000001
11111111000011111111111111111111111111110000000001
11111111000111111111111111111111111111110000000001
11111111100001111111111111111111111111110000000001
11111111101000111111111111111111111111111001000001
11111111101000111111111111111111111111111000000001
11111111100001110111111111111111111111110000000001
11111111110000000111110011111111111111110000001001
11111111110000001111001000011111111110010000000001
11000111110000001110000010111111111110000000100001
10000011110000000000000000111111111111101000000001
10000010000000000010000000111111111111100000000001
10000010000000000000000000001111111111111000000001
10000100000000000000000000111111111111111000000001
10000000000000000000000000111111111111111100001011
10000000000000000000000001111111111111111000000111
10000000001000000000000001111111111111111111000111
10000000001000000000000000111111111111111111011111
10000000000000000000000000111001111111111111000111
10000000000000000000000000110001000101111110000001
10000000000000000000000000000000000000011100100001
10000000000000001000000000000000000000011000000001
10000100110000011110000000111000000000011000000001
10000000110000011111000000000000000000011100000001
10000001111000011111110000000000000000000000010001
10000001111001111111000000000000000000000000000001
11000111111001111111000000000000000000101010000111
11111111111111111111000000000000000000101010011111
11111111111111111111000000000000101111100010011111
11111111111111111111000000000000001111100000001111
11111111111111111100000000000000000111100000111111
11111111111111111100100000000000000111100000111111
11111111111111111110000000110000011111111101111111
11111111111111111111111111111111111111111111111111
