11111111111111111111111111111111111111111111111111
11111111111111111111111111111111111111111111111111
11111111111111111111111111111111111111111111111111
11111111111111111111111111111111111111111111111111
11111111111111111111111111111111111111111111111111
11111111111111111111111111111101100011111111111111
11111111111111111111111111100001100011111111111111
11111111111111111111111111100000000011111111111111
11111111111111111111111111001000000011111111111111
11111111111111011111111110000000000001111111111111
11111111111101000111111110000000000001111011111111
11111111111100000011111100000001110000111001111111
11111111111110000000111111000011110000100001111111
11111111111111000000111111000111110010000001111111
11111111111111000000011111000011000111000001111111
11111111111111111100000001111001000011110000011111
11111111111111111111110000100000000011100000000001
11111111111111111111110000000000000011100010000001
11111111111111111111100000000000100001000010001011
11111111111111111111110000000000100000000111101011
11100000111111111111110000000000100000001111100001
11100100000001111111110000000000000000001110010001
11100000000000111111110000000100000000000000000001
11110000000000111111110100000100001000000000111101
11111100000011111111111000000000000000000000111001
11111110000111111111100000000000000001000001111001
11111110000111111111001000000000000011100111111111
11111111000011111111000000000000000010100111111111
11111111000011111111110000000000000000100111111111
11111110000011111111100000000000000000110111111111
11111011000001111111100000000000100000110001111111
11111000001011111111100000000000000000110111111111
11111100001111111111100000000000000000000000111111
11111110011111111111100000000000100000001001111111
11111110011001111111000100000001110000000001111111
11111111000001111111000100000000000000000000111111
11111111110000111111000000000000000000000000111111
11111111110000001111100000110010000000000000111111
11111111110000001111100000000010000000000000111111
11111111111110000000000100010000110100000000111111
11111111111110000000000110000011110000000100111111
11111111111111000000000110011000110000000000111111
11111111111111100000001110001000000001000001111111
11111111111111111000001111011111100001000000111111
11111111111111111101001010011001100000000000011111
11111111111111111110000010110000000000000000111111
11111111111111111110000000111000000000000000111111
11111111111111111100000001000000001000000011111111
11111111111111111110000000010000001100000011111111
11111111111111111111111111111111111111111111111111
