11111111111111111111111111111111111111111111111111
11111111111111111111111111111111111111111111111111
11111111111111111111111111111111111111111111111111
11111111111111111111111111111001111111111111111111
11111111111111111111111111111001111111111111111111
11111111111111111111111111100011111111111111111111
11111111111111111111110001100011111111111111111111
11111111111111111110000011110011111111111111111111
11111111111111111100001011100011111111111111111111
11111111111111111101001011100011111111111111111111
11111111111111111101110011100111111111111111111111
11111111111111111100110111000011111111111111111111
11111111111101111001110000000011111111111111111111
11111111111101100011111000010111111111111111111111
11111111111001100111111000000111111111111111111111
11111111111000100111100000000011111111111111111111
11111111111000000111000001000000111111111111111111
11111111100000000101000001000000111111111111111111
11111111001000000000000011100011111111111111111111
11111110001000000000000001111111111111111111111111
11111110011000000000000001111111111111111111111111
11111000011000000000000111111111111111111111111111
11111100000000000000000011111111111011111111111111
11111100011100000000000001111111110000011111111111
11111100011100000000000000011110100000000111111111
11111110011100010000000001000000001000000111111111
11111110011100111000000001101100111110000011111111
11111111111100000000000000001111111110000111011111
11111111111100000000000000001111111110000000011111
11111111111000000000000000001111111110000000011111
11111111111100110000000000000011111111000000011111
11111111111100110000000000000111111111110000011111
11111111111110000000000000001111111111111100000001
11111111111110000000000000001111111000000000000001
11111111111111101100000000011111100000000110000001
11111111110011101100000000111111100000001110100001
11111111100001100000000000111111100000000111111101
11111111100000000000000000111111100000000111111101
11111111000010000000000000000011001100000001111101
11111111000000010000000000000000000000000001100001
11111110000000110000000000000000000000000100000001
11111110000001111000000000000000000000000100000001
11111111101011111110000000000000000000001110000001
11111111111111111110000010000000000000000110000001
11111111111111111111011111000000000000001110000001
11111111111111111111111111110000000000001100000001
11111111111111111111111111100000000000100000000001
11111111111111111111111111000000000000000000000001
11111111111111111111111111000000000000000000000001
11111111111111111111111111111111111111111111111111
