11111111111111111111111111111111111111111111111111
11111111111111111111111111111000011100000111111111
11111111111111111111111111111000011101000011111111
11111111111111111111111111111001000001011111111111
11111111111111111111111111111000000000011111111111
11111111111111111111111111111000000000011111111111
11111111111111111111111111111100001000000111111111
11111111111111111111111111111110011111010111111111
11111111111111111111111111110001001110010011111111
11111111111111111111111111110000001110000111111111
11111111111111111111111111111100001110000111111111
11111111111111111111111111111000001110110111111111
11111111111111111111111111110000111000000011111111
11111111111111111111111111110000000000000001000111
11111111111111111111111110111000000000000000000111
11111111111111111111111110000000000000000010010111
11111111111111111111111110000000000000000000000011
11111111111111111100111110000000000000000010000011
11111111111111111000111111000000000000001110000001
11111111111111110000111111100000000000001100000001
11111111111111100000111111000000000000010000001001
11111111111111110000011111000000000111100000001111
11111111111111110000001101000000000011100001100011
11111111111111111100000000000000000011100010000011
11111111111111111110000000000000000011100010001111
11111111111111111100000010000000010001110010000111
11111111111111111110110000000000000000010000000111
11111111111111111110110000000000000110010110000111
11111111111111111100000000000000000010010010000011
11111111111111111100000000000000000010000011100001
11111111111111111111100000000000000000000000000001
11111111111111111111000000000000000000000000001111
11111111111111111111000000000000000000000000011111
11111111111111111111100000000000000000100000011111
11111111111111111111100000000000000100100000011111
11111111111111111111110100100000000000000000011111
11111111111111111111111110000000000000000000111111
11111111111111111111111100000000000110000000111111
11111111111111111111111100000000000010000000111111
11111111111111111111111110011000000100000000111111
11111111111111111111111111111000000000000100011111
11111111111111111111111111111000000000000000000111
11111111111111111111111111111100000000000000000111
11111111111111111111111111111000000000000000000101
11111111111111111111111111111000000000000001100001
11111111111111111111111111110000000000000001100001
11111111111111111111111111111111000000000011100001
11111111111111111111111111111111100010000000001111
11111111111111111111111111111111100000000000001111
11111111111111111111111111111111111111111111111111
