11111111111111111111111111111111111111111111111111
10000000000000000111111111111111111111111111111111
10000000000000001111111111111111111111111111111111
10000000000000001111111111111111111111111111111111
10000000000000011111111111111111111111111111111111
10000000000000011111111111111111111111111111111111
10000000000000011111111111111111111111111111111111
10000000000001111111111111111111111111111111111111
10000000000011111111111111111111111111111111111111
10000000000011011111111111111111111111111111111111
10000000000000001111111111111111111111111111111111
10000000000000001111111111111111111111111111111111
10000000000000001111111111111111111111111111111111
10000000000011001111111111111111111111111111111111
11111001000000111111111111111111111111111111111111
11111111100000111000011111111111111111111111111111
11111111000000111000011111101111111111111111111111
11111110000000000000000011100111111111111111111111
11111110000000100000000001000111111111111111111111
11111100000011100000000000000111111111111111111111
11111100000011100000000000000111111111111111111111
11111100000111100000000000000111111111111111111111
11111100000111100011000000001111111111111111111111
11111000000000000011000000011111111111111111111111
11111100000111110111000000011111111111111111111111
11111100011111111111000000111111111111111111111111
10000101111111111000000100000111111111111111111111
10010001111000001100000100000111111111111111111111
10011001100001000000111000001111111111111111111111
10000001101101100100000000110111011111111111111111
10000000100101111000000000000111001111111111111111
10000000110111111000000000000000000111111111111111
10000100000111111100000100000000000111111111111111
10000000001111111100000000110000000011111111111111
10000000110111111111000000111110000000111111111111
10000000000111111110000011111110000000111111111111
10000000001110011100001111000110000000111111111111
10000000000000011110000111010010000000111111111111
10111010001100000100000111011000110000111111111111
10110010000000000100000100011101111000000111111111
11110000000000000000001000011111101110011111111111
10111000000000000000000000111110001111011111111111
10000000000000000000000000110000001111111111111111
10000000000000000000000000000100001111111111111111
10000000000000000000000000000010000001111111111111
10000000000000001000000000000000000011111111111111
10000000000000010000000100000000001111111111111111
10000000000000000010000000000000001111111111111111
10000000000011000111000000000000000111111111111111
11111111111111111111111111111111111111111111111111
