11111111111111111111111111111111111111111111111111
11111111111111111111111111111111111111111111111111
11111111111111111111111111111111111111111111111111
11111111111111111111111111111111111111111111111111
11111111111111111111111111111111111111111110111111
11111111111111111111111111111111111111111110001111
11111111111111111111111111111111111111111101001111
11111111111111111111111111111111111111111000000111
11111111111111111111111111111111111111110000000011
11111111111111111111111111111111111111110000000001
11111111111111111111111111111111111100000000000011
11111111111111111111111111111111111100000000000001
11111111111111111111111111111111111110000000000001
11111111111111111111111111111111111000000000100001
11111111111111111111111111111111111100001001100011
11111111111111111111111111111111111100001111100001
11111111111111111111111111111111111110011001110001
11111111111111111111111111111111111110000000000001
11111111111111111111111111111111111110000000000001
11111111111111111111111111111110111111000000000001
11111111111111111111111111111010000011000000001001
11111111111111111111111111110010000001100000110011
11111111111111111111111111100000001111110010000001
11111111111111111111111110000000011000010001000011
11111111111111111111111100000000001000000001010011
11111111111111111111111100001000001001111001011111
11111111111111111111111100000000000001111000011111
11111111111111111111111111100000000001111100000111
11111111111111111111111111110000001101111111000111
11111111111111111111111111111000000000111000000001
11111111111111111111111111111100000010011010000001
11111111111111111111111111111100100011000010000001
11111111111111111111110011111001110011000001000001
11111111111111111111110000000000110000000000000001
11111111111111111111110010000000111111000000000001
11111111111111111111110000000000000010000000000001
11111111111111111100110000000000000000000000000001
11111111111111111000000000000000000000000000000001
11111111111111111100000000000000000000000000000001
11111111111111111110000000000000000000000000000001
11111111111111111110000001111000000000000000000001
11111111111111111111100001111000000000000000000001
11111111111111111111111001111000010000000000000001
11111111111111111111111011100000010000000000000001
11111111111111111111111011001100000000000000000001
11111111111111111111111011001000000000000000000001
11111111111111111111111000000000000000000000000001
11111111111111111111111000100101000000000000000001
11111111111111111111110000000000000000000000000001
11111111111111111111111111111111111111111111111111
