11111111111111111111111111111111111111111111111111
11111111111111000000001111111111111111111111111111
11111111111110000000001111111111111111111111111111
11111111010000000000000011111111111111111111111111
11111111000000000000000011111111111111111111111111
11111111000000000000000111111111011111111111111111
11111110001100100100000000000100011111111111111111
11111111001101100101000000000000011111111111111111
11111101000000000000000000000001111111111111111111
11111100000000000000000000100001111111111111111111
11111000000000000011000000110111111111111111111111
11111000001000000101100000010111111111111111111111
11111110000000000000100000000111111111111111111111
11111100000000000000000000000111111111111111111111
11111110000000000000010000000111111111111111111111
11111111111000000100000000111110011111111111111111
11111111001010011100000000000000011111111111111111
11111111000010000000000011000000010111111111111111
11111111000000000000000010000110000011111111111111
11111110000000000000000000000000000011111111111111
11111111100000010000000000000000000001111000001111
11111111100000011110100000000000000000000000001111
11111111100000111100000000000000000011111000101111
11111111000011111101000000000000000011111111100111
11111111110011111100000000000001000000111111110111
11111111111111110000000000001100000001111111110111
11111111111111100000000010001010000000111111110001
11111111111111100001000000000000000000111111111001
11111111111111100001000000000000001000001111111101
11111111111111110001000000000010000000011110011101
11111111111111000010000000000000000000000000011101
11111111111110001001000000000000000000000000000001
11111111111110000000000000000000000000000000000011
11111111111111100100000000000000000110000011110001
11111111111111100100000000000000000110001111110001
11111111111111100100000000000000000010001111110001
11111111111111101000000000000000000000001111110001
11111111111111100010000000000000000001001111110001
11111111111111001000000000000000001111111111111111
11111111111111001000000000000001100111111111111111
11111111111111111100000000000000000011111111111111
11111111111111111111000000000000000011111111111111
11111111111111111111000001000000000011111111111111
11111111111111111111000001000000001011111111111111
11111111111111111111011111110010111111111111111111
11111111111111111111111111111011111111111111111111
11111111111111111111111111111111111111111111111111
11111111111111111111111111111111111111111111111111
11111111111111111111111111111111111111111111111111
11111111111111111111111111111111111111111111111111
