11111111111111111111111111111111111111111111111111
10010001110000000111111111111111111111111111111111
10000000000000000011111111111111111111111111111111
10000000000000000011111111111111111111111111111111
10000000000000001111111111111111111111111111111111
10000000000000000110111111111111111111111111111111
10000000000000000010000011111111111111111111111111
10000000000000000000000011111111111111111111111111
10000000000000000000000001111111111111111111111111
10000000000000000000000011111111111111111111111111
10000000000000000000001111111111111111111111111111
10000000000000000000011111111111111111111111111111
10000000000000000000111111111111111111111111111111
10000000000000100001111111111111111111111111111111
10000000000000100001111111111111111111111111111111
10000000000000000111111111111111111111111111111111
10000000000000010001011111111111111111111111111111
10000000000000000001011111111111111111111111111111
10000000000000000000011111111111111111111111111111
10000000000000000000011111111111111111111111111111
10000000000000000000011110011111111111111111111111
10000000000000000000111110001111111111111111111111
10000000000000000000011110000111111111111111111111
10000000000000000000000000001111111111111111111111
10000000000000000000000000001111111111111111111111
10000000000000000000000000011111111111111111111111
10000000000000000000000000011111111111111111111111
10000000000000000000000000111111111111111111111111
10000000000000000000000011111111111111111111111111
10000000000000001101001111111111111111111111111111
10000000001001000110001111111111111111111111111111
10000000011111011110011111111111111111111111111111
10000000011111111111111111111111111111111111111111
10001100111111111111111111111111111111111111111111
11111100111111111111111111111111111111111111111111
11111101111111111111111111111111111111111111111111
11111001111111111111111111111111111111111111111111
11111111111111111111111111111111111111111111111111
11111111111111111111111111111111111111111111111111
11111111111111111111111111111111111111111111111111
11111111111111111111111111111111111111111111111111
11111111111111111111111111111111111111111111111111
11111111111111111111111111111111111111111111111111
11111111111111111111111111111111111111111111111111
11111111111111111111111111111111111111111111111111
11111111111111111111111111111111111111111111111111
11111111111111111111111111111111111111111111111111
11111111111111111111111111111111111111111111111111
11111111111111111111111111111111111111111111111111
11111111111111111111111111111111111111111111111111
