11111111111111111111111111111111111111111111111111
10000000000000000000000000000011111111100001111111
10000000000000000000000011111011000111100001111111
10000111000010000000000001111000000111100001111111
11000110000010000000000000000000000111110000111111
11000010000000100000000010000010000111100100111001
10000000000000000000000000100011100111100000011001
10000001000000000000000000000011100111110000000011
11100001100000000000000000000011110000000000101001
11101100100000000000000000000011111001010000000001
11001110000100000000000000011111111000001000000001
11001111110000000000000000001111111110000010000001
10001111110000000000000000011111111110000000000001
10011111100000000000000000001111111110000000011111
10001010000000000000000000000111100010010000001111
10000000000001000000000111000011000100010010000111
11000000000010000000001111000000000101000011111111
10000000000000100000011110000000000000000111111111
10000000000000110111111110000000000000000111111111
10000000000001111111111110000000000000000111111111
10000000000001111111111110100000000000000111111111
10000000000011111111111110000000000111000111111111
10000000000011111111111100000100000010000111111111
10000000000011111111111100000111000010000111111111
10000000000111111111111100000000010111111111111111
10000000000011111111111110000000000111111111111111
10000000000001111111111111111111111111111111111111
10010000000011111111111111111111111111111111111111
10000000000111111111111111111111111111111111111111
10000100000111111111111111111111111111111111111111
10011110000011111111111111111111111111111111111111
10111110001001111111111111111111111111111111111111
11111110000001111111111111111111111111111111111111
11111110000001111111111111111111111111111111111111
11111110000001111111111111111111111111111111111111
11111111100001111111111111111111111111111111111111
11111111110000111111111111111111111111111111111111
11111111110101111111111111111111111111111111111111
11111111111111111111111111111111111111111111111111
11111111111111111111111111111111111111111111111111
11111111111111111111111111111111111111111111111111
11111111111111111111111111111111111111111111111111
11111111111111111111111111111111111111111111111111
11111111111111111111111111111111111111111111111111
11111111111111111111111111111111111111111111111111
11111111111111111111111111111111111111111111111111
11111111111111111111111111111111111111111111111111
11111111111111111111111111111111111111111111111111
11111111111111111111111111111111111111111111111111
11111111111111111111111111111111111111111111111111
