11111111111111111111111111111111111111111111111111
11111111111111111111111000011100011100011111111111
11111111111111111111111000011110000000000000111111
11111111111111111111100000000000000000000010111111
11111111111111111111001000001110000000000000111111
11111111111111111111000100001110000000000001111111
11111111111111111111000000001110000000000001111111
11111111111111111111001000000100100110000001111111
11111111111111111111001100000000011000000001111111
11111111111111111111001000000000001000000000111111
11111111111111111111111100000000000000100000111111
11111111111111111111111100000000000000000000000111
11111111111111111111111110000000000000000000000001
11111111111111111111111110000000000001000000110001
11111111111111111111111100000000000000000111110001
11111111111111111111111110000000011000111111111101
11111111111111111111111110000001111000111110000001
11111111111111111111111110000001110000111110001001
11111111111111111111111110000001100000011110000111
11111111111111111111111110000000000000011100111111
11111111111111111111110010000000000000111101111111
11111111111111111111100010000000000000100001111111
11111111111111111111100000000000000000001111111111
11111111111111111000000100000000000000001111111111
11111111111111111000000000000000000000001111111111
11111111111111111000011000000000000000011111111111
11111111111111100000001000000000000001111111111111
11111111111110100000000000000000000001111111111111
11111111111100000000000000000110000001111111111111
11111111111100000010001100000000100000111111111111
11111110000000000000001000000010000000111111001111
11111110000000000001010000000000000011111101000001
11111110000000000000000110000000000000010000000001
11111110000000000000111100000000001100010000000001
11111100000111100000111000000000000000010000011111
11111000000011100000000000000000000000000000011111
11111000010111100000000100000000000000010000001111
11111000110001100100001000000000000000011000001111
11111111111001111100010000000000100000111000001111
11111111111101110000000000000000000000000011011111
11111111111001100000000000000000000001000011111111
11111110000011000000000000001000000011110000000111
11111100011011010001110000000000001111100000000111
11111100000000010000010000010000011111110011100001
11111100011111111000000000000000011111111111100001
11111110011111111000000000001011111111111111000001
11111111111111111000000000000111111111111111000001
11111111111111111100000000001111111111111111000001
11111111111111111110000000111111111111111111111001
11111111111111111111111111111111111111111111111111
