11111111111111111111111111111111111111111111111111
11111111111111111111111111111111111111111111111111
11111111111111111111111111110001111111111111111111
11111111111111111111111111110001111111111111111111
11111111111111111111111111110001111111111111111111
11111111111111111111111111110000111111111111111111
11111111111111111100100100110011111111111111111111
11111111111111111100000000100011111111111111111111
11111110001111100100001001000001111111111111111111
11111110000000100000000000000001111111111111111111
11111110000000000000000000100001111111111111111111
11111111100000001001110000000000001111111111111111
11111111001100100011000010000000111111111111111111
11111111011000000001000000000000111111111111111111
11111111000000100000110000000000111111111111111111
11111111111101100000110000000010111100011111111111
11111111111100000100001100100000010000011111111111
11111111111111000111100000010001000000000111111111
11111111111111111111100000000001111111000011111111
11111111111111111111000000000001111111000001111111
11111111111111111111000100000000000100000000000111
11111111111111111111101111000000000000000000000011
11111111111111111111111111100000000000010001000001
11111111111111111111111111100000000000000001000001
11111111111111011111110000011000000000111110000011
11111111111100010001111000001000000000000110001111
11111111111101000000111000000000000000110000001111
11111111111001111110111110000000000000111111000011
11111100111011111000111000000000000011111100000011
11111100000010000000111000000000001011000000000011
11111110000000000000100000000000000000000000000001
11111100000000000000000000000001000000000000000001
11111111100100000000000000001101000000000000000001
11111111100110000000000001111100010000100000000011
11111111100110000000000011111100011100100000000011
11111111111100000011000111111111111110000000000011
11111111111110100011000111111111111110000000000011
11111111111110000111100111111111111110000100000001
11001110000001000111111111111111111110000000000001
11000000000011001111111111111111111110001000000001
11100000000000001111111111111111111110001100000001
11100000000000000101111111111111111110000100000001
11000000000110000000111111111111111110000100000001
10000000000101010001111111111111111110001000000001
10000000000100111000111111111111111100001000000001
10000000000000010000011111111111111100000001000001
10000000000000000000011111111111111100000000000001
10000000000000000000011111111111111110000000000001
10000000000100000000111111111111111110000000000001
11111111111111111111111111111111111111111111111111
