11111111111111111111111111111111111111111111111111
11111111111111111111111111111111111111000000000001
11111111111111111111111111111111000111000000000001
11111111111111111111111111111111000100000000000001
11111111111111111111111111111110000100000000010001
11111111111111111111111111111110000000000000000111
11111111111111111111111111111110000000000000000011
11111111111111111111111111111111000000000000000011
11111111111111111111111111111111100000000000000011
11111111111111111111111111111111110000000000000011
11111111111111111111111111111111110000000000011111
11111111111111111111111111111111110000000000001111
11111111111111111111111111111111100000000000000001
11111111111111111111111111111111111010000000011011
11111111111111111111111111111111111000000000010001
11111111111111111111111111111111111111000000000001
11111111111111111111111111111111111111000000000001
11111111111111111111111110001111111110000000000011
11111111111111111111111110001110011111000000000011
11111111111111111111111111001110000000000000000001
11111111111111111111111111000000000000000000000001
11111111111111111111101111000000000000010000000001
11111111111111111111000100000000001100010000000001
11111111111111111111100000000000110000010100000001
11111111111111111111100000000000111100000000000001
11111111111111111111100000001111111110000000000111
11111111111111111111100100000111111110000000011111
11111111111111111111111111100011111110000000111111
11111111111111111111111111101111111000010000111111
11111111111111111111111111001100001100110000111111
11111111111111111111111000011100001101111110011111
11111111111111111111110000111110001100000100001111
11111111111111111111110111111111000100000100000111
11111111111111111111110000000111000000000111100001
11111111111111111111111101100110000000000111110001
11111111111111111111111111101100000000000111110001
11111111111111111111111111100000000000001111110001
11111111111111111111111111111110000000001111100001
11111111111111111111111111111111000000011100000001
11111111111111111111111111111111000000001001000001
11111111111111111111111111111111000000000000100001
11111111111111111111111111111111000000000000000001
11111111111111111111111111111110000000000000000001
11111111111111111111111111100110000000000000000001
11111111111111111111111111100100000000000000110001
11111111111111111111111111100000101000000000010001
11111111111111111111111111100000000000000000000001
11111111111111111111111111110000000000000000000001
11111111111111111111111111111000000000000000000001
11111111111111111111111111111111111111111111111111
