11111111111111111111111111111111111111111111111111
11111111111111111111111111111111111111111111111001
11111111111111111111111111111111111111111111111001
11111111111111111111111111111111111111111111100001
11111111111111111111111111111111111111111111011001
11111111111111111101111111111111111111111111000011
11111111111111111100001111111111111111111111001001
11111111111111110000001111111111111111111111000001
11111111111111110000000000011110111111111111000001
11111111111111110000000000010000011111111110000011
11111111111111100000010000000001111111111100000011
11111111111111000000110000000001111111111000000001
11111111111111100000011100000000111101111110100001
11111111111111111000001101100000001000011101000001
11111111111111110000001000000000001000000000000001
11111111111111000000001000000000001000000000000001
11110001111111100011100000000000000100000000000001
11110000001110101111100000000000000100001101001011
10000000000000001111111000000000000000001000001111
10000000000010001001111110000000010100001100001111
10000000000000000000110100000011100000011110000111
10000000000000000000000000000010000011111110011111
10000000000000000000000000000000000001111110011111
10000100000000000000000000000000000011111111111111
10000010000000000000000000011000000111111111111111
10000000000000000000000000111111111111111111111111
10000000000000000000000001111111111111111111111111
10000000000000000000000001111111111111111111111111
10000000000000100000000001111111111111111111111111
10010000000000000000000111111111111111111111111111
10110000000000000000001111111111111111111111111111
10000000000000100000011111111111111111111111111111
10000100000000000000111111111111111111111111111111
10000000000000001011111111111111111111111111111111
11010000000000001111111111111111111111111111111111
11111010000000011111111111111111111111111111111111
11110000000000011111111111111111111111111111111111
11110000000000011111111111111111111111111111111111
11000000000000000111111111111111111111111111111111
11000000000000000111111111111111111111111111111111
11111100000000000111111111111111111111111111111111
11111100100000000111111111111111111111111111111111
11111100000000010011111111111111111111111111111111
11111111101100000011111111111111111111111111111111
11111111100000001111111111111111111111111111111111
11111111100000000011111111111111111111111111111111
11110000000000000011111111111111111111111111111111
11100000000000000111111111111111111111111111111111
11110011100000000111111111111111111111111111111111
11111111111111111111111111111111111111111111111111
