11111111111111111111111111111111111111111111111111
11100000000001111111111111111111111110000000000001
11100000000000111111111111111111111110000000000001
11111000000001111111111111111111111100000000000001
11111000000011111111111111111111111110000000000001
11111000000111111111111111111111111000000000000001
11111110000111111111111111111111111100000000000001
11111100000111111111111111111111111100000000010001
11111111001100111111111111111111111000000000011111
11111111100100111111111111111111110000111100011001
11111111100000111111111111111111110100111111111001
11111111111000111111111111111111100000111111111001
11111111110000011111111111111111100010011001111101
11111111100000011111100111111110100010000001110001
11111111110000000011000111001110001110011001111001
11111111110110001000010000000000111110011100011001
11111111110010001001111000000000111111111100000001
11111111110000011111111000010000111111111110011001
11111111110000011111111000000000111111111110111001
11111111111111111111100000000000111111111111111001
11111111111111111111100010000100111111111111111101
11111111111111111111100010001000100011111111111101
11111111111111111000001111111000100011111111110001
11111111111111111001011111111000000011111111110011
11111111111111111100011110111000000011111111110011
10011110110110000001100100001100010011111111111011
10001110000000011111100000000000011001111111111011
10000110000101111111100000010010100001111110000001
10000000111111111111110000011000000000111110000001
10001001111111111111111000001100000000000000000001
11001001111111111100110100000000000001000000110011
10001111111111111100000000000010000000000000011111
10000000111111111100000000000000000100000000011111
11110110011111111111011100000000000100000100000001
11111111011011111111000100000011010000000100000001
11111110000001111111100100000001000000000000000001
11100010000001111100000000000000111000000000000001
11000000000000111110000000000000111000000000000001
10100000000000111110000000000001100100100100000001
10000000000000001111001100000000000000110000001011
10000000000001000000011100000010110001011000100011
10000000000000010001100000000000110000001000011111
10000000110000010000000000100010100000000000011111
10000000000000000100000011110000100000000100001111
11110000000000000101110011111001100000000011101111
11110000000000000001111011110000100000010000001111
11110000000000000111111111110000000000000100001111
11111100000000000011111111110101000000000000011111
11111110000000000011111111110000000000000000011111
11111111111111111111111111111111111111111111111111
