11111111111111111111111111111111111111111111111111
10100000111111111111111111111111111111111111111111
10000001111111111111111111111110011111111111111111
10000001111111111111111111110110001111111111111111
10000001100111111111111111100000011111111111111111
11000001100011111111111111100000011011111111111111
10000001000011100011111111100011000011111111111111
10000000010000000001111111101111000111111111111111
10000000001000000001111111100110110111111111111111
10001100000000000011111111100100000011111111111111
11000000000000010111111111100000000011111111111111
10000000000000010111111111100010000011111111111111
10000000001001110001111011100000000011111111111111
10000000001101111100010000000000000011111111111111
10000000011001111111010010010000011111111111111111
11110000111001111111000000000000011111111111111111
11111100111100010000000000000000011111111111111111
11111111111110000000000000000000111111111111111111
11111111111111111000000000000000111111111111111111
11111111111111111111000000001001111111111111111111
11111111111111111110000000001111111111111111111111
11111111110001111111000000000111111111111111111111
11111111110001111110001000001111111111111111111111
11111111110000011111011000000111111111111111111111
11111111111100001111011100000111111111111111111111
10111000111100011111011110111111111111111111111111
10000000000000010001001111111111111111111111111111
10000000000100000101001111111111111111111111111111
10000000000000000000001111111111111111111111111111
10000000000000000000000111111111111111111111111111
10000000000100000000000111111111111111111111111111
10000000000000000000000111111111111111111111111111
10000000000000000000001111111111111111111111111111
10000000000000000000001111001111111111111111111111
10000000000000000011000000001111111111111111111111
10000000000000000000000111000111111111111111111111
10000000000000000100000001100011111111111111111111
10000000000000001101000011110011111111111111111111
10000000000000000000000000000011111111111111111111
10000000000000000000000010011111111111111111111111
10000000000000000000000010011111111111111111111111
10000000000000010000000111111111111111111111111111
10000000000010000010011111111111111111111111111111
11000000000000000000111111111111111111111111111111
10000000010000000011111111111111111111111111111111
10000000000000000011111111111111111111111111111111
11000001111000001111111111111111111111111111111111
11000000111111111111111111111111111111111111111111
10000000111111111111111111111111111111111111111111
11111111111111111111111111111111111111111111111111

Wandzellen: 1640
Bodenzellen: 860
