11111111111111111111111111111111111111111111111111
11110000000000000000100000000000001011111111111111
11110000000000000000100000000000000011111111111111
11110000000000000000000000000000000001111111111111
11111000000000000000000000000000000001111111111111
11111000000000000000000000000000000101111111111111
11111100000000100000000000000000000011111111111111
11111000000000001000000000000000000001111111111111
11111010000001001000000000000000000000011111111111
11000011000011111000000000000000000000011111111111
11010011110111110000011000100000000000111111111111
11001111110000000000010000000000000000011000011111
11001111111111100011000001110000000000001011010111
11011111111111100001110000000000001001000000000001
10011111111111110001000000000000000000000001000001
10000011111111110000001000000000000000001001000001
11001000111011110000000000000000000000101000000001
11001110000001000000000000000000000000111110000001
11111000000000011110000000000000000000111110000001
11000000001110111100000000000000000000011110000001
11000000001110111111000000000000000000011110000011
10000000000000111111100000100000000000011111000001
10000011111001111111100000000000000000011111000001
10000111110000000111110000000000000000000010000101
10000111110000000111110000000000000000100000001111
11011111100000000011100000110000000000111110111111
11011111110000110111000000001000000000011111111111
11111111111001111111010000001100000100011111111111
11111111111111111110000000000000001100011111111111
11111111111111111110001000001110100111111111111111
11111111111111111000011100111100010111111111111111
11111111111111111000111100111101000111111111111111
11111111111111111000011101100001001111111111111111
11111111111111111000001100000001111111111111111111
11111111111111100000011111111111111111111111111111
11111111111111100111111111111111111111111111111111
11111111111111111111111111111111111111111111111111
11111111111111111111111111111111111111111111111111
11111111111111111111111111111111111111111111111111
11111111111111111111111111111111111111111111111111
11111111111111111111111111111111111111111111111111
11111111111111111111111111111111111111111111111111
11111111111111111111111111111111111111111111111111
11111111111111111111111111111111111111111111111111
11111111111111111111111111111111111111111111111111
11111111111111111111111111111111111111111111111111
11111111111111111111111111111111111111111111111111
11111111111111111111111111111111111111111111111111
11111111111111111111111111111111111111111111111111
11111111111111111111111111111111111111111111111111
