11111111111111111111111111111111111111111111111111
11111111111111111111111111111111111111111111111111
11111111111111111111111111111111111111111111111111
11111111111111111111111111111111111111111111111111
11111111111111111111111111111111111111111111111111
11111111111111111111111111111111111111111111111111
11111111111111111111111111111111111111111111111111
11111111111111111111111111111111111111111111111111
11111111111111111111111111111111111111111111111111
11111111111111111111111111111111111111111111111111
11111111111111111111111111111111111111011111111111
11111111111111111111111111100011111111011111111111
11111111111111111111111110100011111110001111111111
11111111111111111111111110000011110000001001111111
11111111111111111111111101100001100000000001111111
11111111111111111111111000000011100000000001111111
11111111111111111111111000100011100000000001111111
11111111111111111111111100110010000001000000111111
11111111111111111111111111110000000001000000111111
11111111111111111111111111111000000001000100011111
11111111111111111111111111100000000111110000000111
11111111111111111111111111100001111100000000000111
11111111111111111111111000001111111000000001000011
11111111111111111111111000001111100000000000100011
11111111111111111111111100111111100000000000010011
11111111111111111111111100111111100000000000000011
11111111111111111111111100111111100000000000001011
11111111111111111111111100111111100000000000000001
11111111111111111111111111111111100000000000000001
11111111111111111111111111111111100000000000000001
11111111111111111111111111111111100000000000000001
11111111111111111111111111111111100010000011010001
11111111111111111111111111111111100000000000000001
11111111111111111111111111111111000000000000000001
11111111111111111111111111111111000001000000000001
11111111111111111111111111111111000001000000000001
11111111111111111111111111111111100001000000000001
11111111111111111111111111111111100000100000000001
11111111111111111111111111111111100000000000000001
11111111111111111111111111111111111100000000000001
11111111111111111111111111111111111100000000000001
11111111111111111111111111111111111100000000000001
11111111111111111111111111111111111100000000000001
11111111111111111111111111111111111000000000000001
11111111111111111111111111111111110000000000000001
11111111111111111111111111111111110000000000000001
11111111111111111111111111111111111100000000000001
11111111111111111111111111111111111100000000000001
11111111111111111111111111111111111000000000000001
11111111111111111111111111111111111111111111111111
