11111111111111111111111111111111111111111111111111
11110000000000001000001100000111111111111111111111
11000000001100000000001000000101011111111111111111
10000000000001000010000000000000001111111111111111
10000000000000000011111110000000001111111111111111
10000000000000000111111110000000011111111111111111
10000000000000000110000000001111011111111111111111
11000000000001000010010111111111111111111111111111
11000000000000000000011111111111111111111111111111
10000000001000000000000011111111111111111111111111
10000000001111100000000011111111111111111111111111
10000001110010000000000011111111111111111111111111
10000000010011000000000010111111111111111111111111
10000000000001000000000000000111111111111111111111
10010000000001000000011000000111111111111111111111
10110010000001000000011100000111111111111111111111
10000010000001000000000100000111111111111111111111
10000001000000000000001000000111111111111111111111
10000000000000000000101000000111111111111111111111
10000000000000000000000000000000111111111111111111
10000000000000000000000000000010111111111111111111
10000000000000011011000000010000111111111111111111
10000000000000111000000010100011111111111111111111
10000000000011111100000111100011111111111111111111
10000000000011111101000110000001111111111111111111
10000000010011111111000111111101001111111111111111
10000000000011111111100011111000000011111111111111
10000000000111111110000000011100000011111111111111
10000000000111111100100000011100000000111111111111
10001100010111111001110000000010000000111111111111
10000110001111111001110010000011000000111111111111
11010110010111110001100011100000000000111111111111
10000110000011111001101110000000001000111111111111
10001100110011110000001111000000000011111111111111
10001000000011100000001100000000000011111111111111
10000010011001100000000000000000000011111111111111
10100011111000000000000000000100110011111111111111
10000011110000000000000000001110110011111111111111
10101110100000000000000000001111111111111111111111
11000110000000000000000000111111111111111111111111
11000000000000100000111111111111111111111111111111
11101100100000000000111111111111111111111111111111
11100111110000000001111111111111111111111111111111
11100111100000100001111111111111111111111111111111
11111111110000011111111111111111111111111111111111
11111111111110011111111111111111111111111111111111
11111111111110111111111111111111111111111111111111
11111111111110111111111111111111111111111111111111
11111111111111111111111111111111111111111111111111
11111111111111111111111111111111111111111111111111
