11111111111111111111111111111111111111111111111111
11111111111111111100000000000000000000000000111111
11111111111111111100000000000000000000000010111111
11111111111111111100000000000000000000000000111111
11111111111111111100000000000000000000000000001111
11111111111111111000000000000000000000000000001111
11111111111111111000000000000000000000000000001111
11111111111111111000000000000000000000000000000011
11111111111111111000000000000000000000000000000111
11111111111111000000000010000000000000000000000011
11111111111111100000100000000000000000000000000011
11111111111111100000111100000000010000001000001111
11111111111111100000000000000000100000100000001111
11111111111110010001000000000000000011110000000001
11111111110110000010000000000000000011110010000001
11111110000000000000000000000000000001111000001001
11111110000000000000000111100000000100110011100001
11111111100001000000011111110011001100110011111011
11111111110000000000111111111010000000110011001001
11111111110110111111111111110010000101110000000001
11111100010111111111111111100000000001110100000001
11111100000111111111111111110001000001110000000001
11111110111111111111111111111001101000000110000111
11111100001111111111111000111000011100001111000111
11111100001111111111100010111100010000001110000111
11111000001111111111000001111100010001001110000111
11111110000011111111100000111110000000111110101111
11111111000000011111110000001111111000111111111111
11111111100000111111110000001001111011111111111111
11111110000001111111110000000000011111111111111111
11111110000001111111111100100000001111111111111111
11111000001111111111111111111000000111111111111111
11111110000111111111111111111110000111111111111111
11111000000011111111111111111111100111111111111111
11111000000000011111111111111111100001111111111111
11111110000001011111111111111111100001111111111111
11111110000011011111111111111111110011111111111111
11111111111110011111111111111111110111111111111111
11111111111111011111111111111111110000111111111111
11111111111111001111111111111111110000111111111111
11111111111111000111111111111111110000111111111111
11111111111100000111111111111111111000111111111111
11111111111100000001111111111111100001111111111111
11111111111110000001000111110011001111111111111111
11111111111111000000000111000000001111111111111111
11111111111111000000001110010000000111111111111111
11111111111111010011000000000000001111111111111111
11111111111110011111000000000000111111111111111111
11111111111100000000011111000000111111111111111111
11111111111111111111111111111111111111111111111111

Wandzellen: 1571
Bodenzellen: 929
