11111111111111111111111111111111111111111111111111
11111111111111111111111111111111111111111111111111
11111001110000000001111111111111111111111111111111
11110000000000011100111111111111111111111111111111
11110000000000011100111111111111111111111111111111
11111110000001011100111111111111111111111111111111
11111110000000000000111111111111111111111111111111
10001100000000000000111111111111111111111111111111
10001110000000000000111111111111111111111111111111
10001111000000000000111111111111111111111111111111
10000000000000000000111111111111111111111111111111
10000000000000000010111111111111111111111111111111
10000000000000000000000011111111111111111111111111
10100000000000000010000011111111111111111111111111
10000000000011100011100011111111111111111111111111
10000000000000101101100111111111111111111111111111
10000000000100000000000000111111111111111111111111
10000000000100111011111110100111111111111111111111
10000000000101111111111110000011111111111111111111
10000000000111111111111111000011111111111111111111
10000000000000011111111111000000111111111111111111
10000001010000000001111111110000011111111111111111
10000000001001011001111101000001011111111111111111
10000000000000011101111000000001001111111111111111
10000000000000000001111100100000011111111111111111
10000000000011000111111110000010111111111111111111
10000000000011001111111111000111111111111111111111
10000000000111111111111111111111111111111111111111
10000000000001111111111111111111111111111111111111
10000000000001111111111111111111111111111111111111
10000000000011111111111111111111111111111111111111
10000000000000001111111111111111111111111111111111
10000000000000000111111111111111111111111111111111
10000000000000000001111111111111111111111111111111
10000000000000000001111111111111111111111111111111
10000000000000000011111111111111111111111111111111
10010000000000101111111111111111111111111111111111
10000000000000001111111111111111111111111111111111
10001000000000011111111111111111111111111111111111
10001000000000000011111111111111111111111111111111
11000000000000000011111111111111111111111111111111
11011100000000000000011111111111111111111111111111
11011000000000000000111111111111111111111111111111
10000000000000000000000111111111111111111111111111
10000000000000000000000111111111111111111111111111
10000000000000000000000001111111111111111111111111
10000000000000000000010011111111111111111111111111
11110000000000000000001111111111111111111111111111
11110000000000000000001111111111111111111111111111
11111111111111111111111111111111111111111111111111
