11111111111111111111111111111111111111111111111111
11111111111111111111111111111001100000111111111111
11111111111111111111111110000000000000111111111111
11111111111111111111111110001100011000111111111111
11111111111111111111111100111110011110001111111111
11111111111111111111110101111111111111000111111111
11111111111111111111110000111111111111001111111111
11111111111111111111110011111111111100011111111111
11111111111111111111100001111111111100000011111111
11111111111111111111100011111111111000010011111111
11111111111111111111101111110000111111000011111111
11111111111111111111100100000000111100000111111111
11111111111111111111000000000000111100000111111111
11111111111111111111000000000000011110000111111111
11111111111111111111100000000001000100011100001111
11111111111111111111110000000001000100111000001111
11111111111111111111110000000000000000011000000011
11111111111111111111110000000000000000010000000001
11111111111111111111100000000000000000000000000001
11111111111111111111111000000000000000000100000001
11111111111111111111111100000000000010000000000001
11111111111111111111111100000000000000000000000001
11111111111111111111111111000000000010000000000001
11111111111111111111111111000000000000000000000001
11111111111111111111111110000000000000000000000001
11111111111111111111111111011111000000000000000001
11111111111111111111111111111110100000000000000001
11111111111111111111111111111110000000000000000001
11111111111111111111111111111110000000000000000001
11111111111111111111111111111110000000000000000001
11111111111111111111111111111111000000000000000001
11111111111111111111111111111111000000000000000001
11111111111111111111111111111111110001000000000001
11111111111111111111111111111111100000000000000001
11111111111111111111111111111111110000000010000001
11111111111111111111111111111111110000000000000001
11111111111111111111111111111111111000000000000001
11111111111111111111111111111111111000000000000001
11111111111111111111111111111111100000000000000001
11111111111111111111111111111001100000000000000001
11111111111111111111111111111000000001000000110001
11111111111111111111111111111000000011000011100001
11111111111111111111111111110000000001000001100001
11111111111111111111111111110000100000000011110001
11111111110001101111111111110000000000000011111111
11111111110000000000111000000000000000001111111111
11111111100000000000111000000000000000001111111111
11111110000000000000000000000000000000001111111111
11111110001000000000000000000000000110111111111111
11111111111111111111111111111111111111111111111111
