11111111111111111111111111111111111111111111111111
10000011000011111111111111111111111111111111111111
10000000000011111111111111111111111111111111111111
10000000000011111111111111111111111111111111111111
11100000000111111111111111111111111111111111111111
11111000000111110001111111111111111111111111111111
11111000000111000001111111111111111111111111111111
11111000000000000100111111111111111111111111111111
11011000000111000000111111111111111111111111111111
10000100000000000011111111111111111111111111111111
10000100000000110011111111111111111111111111111111
10110000000000100001111110001111111111111111111111
10011110000000000100111100001111111111111111111111
10111110000000000100111100000111111111111111111111
10001111100000000100000000000111111111111111111111
10000001000000000110010000000111111111111111111111
11000000000000100001000001001111111111111111111111
11011101100000101111000001001111111111111111111111
11111111100100000011011100000011111111111111111111
11111111111100011001000000000011001111111111111111
11111111111100011001100000000000001111111111111111
11111111111110011000000000000000001101111111111111
11111111111111011101100000000001000001111111111111
11111111111111011111111100001000000111111111111111
11111000000000011111111100001100011111111111111111
11111110111110001111111110000000011111111111111111
11110100011110001111111110000001011111111111111111
10000000011111111111111110001000001111111111111111
11000010010111001111111111100011111111111111111111
11000000000111000011000111100000111111111111111111
11100000000010000000000000110011111111111111111111
11100000010000000001101000000001111111111111111111
11000000000000000111100000000001111111111111111111
10000000000000000011100011000001111111111111111111
10000000000000000111110010000111111111111111111111
10000000000000000111110000000011111111111111111111
10000000000000000111110000000001111111111111111111
10100000000000000001111111011101111111111111111111
10000000100000000000111110001111111111111111111111
10000100000000000000111111100011111111111111111111
10000000000000000000111111100011111111111111111111
10000000000000000000111111000001111111111111111111
10000011000000000000111000000011111111111111111111
10000111000000000000110011001111111111111111111111
10000000000000000000000100001111111111111111111111
10000000000000000100010000001111111111111111111111
10000000000000000000011110011111111111111111111111
10000000000000001010011111111111111111111111111111
10000000000000001111111111111111111111111111111111
11111111111111111111111111111111111111111111111111
