11111111111111111111111111111111111111111111111111
11111111111111111111111111111000000000100000000001
11111111111111111111111111000000000000000000000001
11111111111111111111111111100000000000000000000001
11111111111111111111111110000000000100000000000001
11111111111111111111111100100000000100000000000001
11111111111111111111111100000000000000000000000001
11111111111111111111111111000000000010000010000001
11111111111111111111111111100000000000000000000001
11111111111111111111111111000000000000010000000011
11111111111111111111111110000000000000010111100011
11111111111111111111111110000000000000000110100011
11111111111111111111111110001100000000000000000011
11111111111111111111111000011100000000000100000011
11111111111111111111111011011100000000000000000001
11111111111111111111111011011110001000000000000001
11111111111111111111111000011111100000000000000001
11111111111111111111111111111111100000000000000001
11111111111111111111111111111111100000000000000001
11111111111111111111111111111111100000000000000001
11111111111111111111111111100111100000000000000001
11111111111111111111111111100010000000000000000001
11111111111111111111111000000000000000000000000001
11111111111111111111110000000000000000000000000001
11111111111111111111100100000000000000000000000001
11111111111111111111110100000000000000011000000001
11111111111111111111110001000000000000000000000001
11111111111111111111111111100010010000110000000101
11111111111111111111111111000000100000010000000011
11111111111111111111111110000000000010000000001111
11111111111111111111111111000000000000000000001111
11111111111111111111111111100000000000000000001111
11111111111111111111111111100111000000000000011111
11111111111111111111111111111111100100010000011111
11111111111111111111111111111111111100000001111111
11111111111111111111111111111111111100000001000111
11111111111111111111111111111111111111000000000111
11111111111111111111111111111111111111000000001111
11111111111111111111111111111111111111100000001111
11111111111111111111111111111111111111100000000011
11111111111111111111111111111111111111111000000111
11111111111111111111111111111111111111111111100111
11111111111111111111111111111111111111111111100111
11111111111111111111111111111111111111111111111111
11111111111111111111111111111111111111111111111111
11111111111111111111111111111111111111111111111111
11111111111111111111111111111111111111111111111111
11111111111111111111111111111111111111111111111111
11111111111111111111111111111111111111111111111111
11111111111111111111111111111111111111111111111111
