11111111111111111111111111111111111111111111111111
11111111111111111111111100000000000000000000000001
11111111111111111100010000000000000000000000000111
11111111111111000000000000000000000000010000001111
11111111111111001000000000000000000000000000001111
11111111111110000000000000000000000000001000111111
11111111111100000000000110010100000000011110111111
11111111111100000000000000000000000000111111111111
11111111111000000000000111000011000001111111111111
11111111111110000000000011111111000000111111111111
11111111111110000000000001111111000000011111111111
11111111111101000000000011000000000000000111111111
11111111111100000000000000000001100000000011111111
11111111111100000000000010010000000000000011111111
11111111110000000011100011110000000001000111111111
11110011111100001111100000111000000000000111111111
11000011111100011111111001111000000000101111111111
11000011111111111111100001111000000000000111111111
11001011111111111111000001111100000000000111111111
11000001111111111100000000111100111010000111111111
10000001011111111100000001111111111010001111111111
10010000011100100000000001111111111000001111111111
10000000000000000000000100111111111110001111111111
11100000000000000000000100001111011000001111111111
11100000000000000000000000000000010000000111111111
10000000000000000000000000011100000000000111111111
10000000000000000000000000011100000000111111111111
10000100000000000000000001111111000000111111111111
10000000000000000100001111111111110111111111111111
11000000000000000000001111111111111111111111111111
11110000000000000000001111111111111111111111111111
11110000000000000101001111111111111111111111111111
10011000000000000100011111111111111111111111111111
10001000011000000001111111111111111111111111111111
10000001000011000001111111111111111111111111111111
10000001000111100011111111111111111111111111111111
11000000000011111001111111111111111111111111111111
10000000000001111111111111111111111111111111111111
10000000000011111111111111111111111111111111111111
10000000000111111111111111111111111111111111111111
10000000001111111111111111111111111111111111111111
10000000001111111111111111111111111111111111111111
10010001001111111111111111111111111111111111111111
10111011000111111111111111111111111111111111111111
10011000000111111111111111111111111111111111111111
11000000000111111111111111111111111111111111111111
11100000000001111111111111111111111111111111111111
11100001000001111111111111111111111111111111111111
11100011111001111111111111111111111111111111111111
11111111111111111111111111111111111111111111111111
