11111111111111111111111111111111111111111111111111
11111111111111100000000000000000001111111111111111
11111111111111100000000000000010001111111111111111
11111111111111101000000000000000001111111111111111
11111111111111101000000100000010000111111111111111
11111111111111100001111110000000000111111111111111
11111111111111110000111110000000000111111111111111
11111111111111111000001110011111001111111111111111
11111111111111111111000011011111111111111111111111
11111111111111111111111011011110111111111111111111
11111111111111111111000011000110000111111111111111
11111111111111111111100010000110000110001111111111
11111111111111111111001110000010000110001111111111
11111111111111111100001110000010000010001111111001
11111111111111111100000011100000000000001111111001
11111111111111111000000000000000000000000011110001
11111111111111100000001110000000000000000011110001
11111111111111100000001000110000000000000001100011
11111111111111110000000010111000000000000000000011
11111111111111110000000000111000100000000001000111
11111111111111110000010000000000100001111111000111
11111111111111100001010000000000011111111111000011
11111111111111110000000011000000000011111111000001
11111111111111100000000010010000000000111111110001
11111111111111111001101110000000000000011110100001
11111111111111111011111111000000000000000110000001
11111111111111111000111000000100000000000110000001
11111111111111111110000000011100000000000111000001
11111111111111111110000000011110000000000000010001
11111111111111111111011001111010000000000000000001
11111111111111111111011011100000000000000000010001
11111111111111111111011111100000000000000000000001
11111111111111111111111111000000000000000000000001
11111111111111111111111111100101000000000000001111
11111111111111111111111111111101001100001000001111
11111111111111111111111111111111100000000100001111
11111111111111111111111111111111000000000100011111
11111111111111111110111111110010000010001100111111
11111111111111111100011111110000000000011111111111
11111111111111110000011111110000000000011111111111
11111111111111110000001111100000000000011111111111
11111111111111100000000111100000000100011111111111
11111111111111100000000111000000000000011000111111
11111111111101100000000000000000000000000000111111
11111111111100000001000000000000000000000000111111
11111111111100000001000000000000000000000000111111
11111111111001100000000000000000000000000001111111
11111111111011110000000000000000011000000001111111
11111111100000000000000000000000111000000001111111
11111111111111111111111111111111111111111111111111
