11111111111111111111111111111111111111111111111111
10000000000011111111111111110011111111111111111111
10000000000011111111111111100011111111111111111111
10000000000011111111111010000111111111111111111111
10000000000111111111111000000000111111111111111111
10000000000001111111000000000000111111111111111111
10000000000000100000011110100000001111111111111111
10000000000000101111111100000000001111111111111111
10000000100000000011111000000000011111111111111111
10000000000000001011110000000000011111111111111111
10000000000000000000000110000000111111111111111111
10000000000000000000000000000000011111111111111111
10000000000000000001100100001000111111111111111111
11000000000000000001111100000000011111111111111111
10000000000000000000111000000000011111111111111111
11100000000000010000000000000000001111111111111111
11111100000000000000010000000001011111111111111111
11111100000000000000000000000001001111111111111111
11100000000000000000000000000100000111111111111111
11000000000000000000000000001110000011111111111111
11100000000000010011000000011111000001111111111111
11111000000000000000000010011111100001111111111111
10000000001111100011010000000111110001111111111111
10000000001111101110000000001111111111111111111111
10000010000111111100000000111111111111111111111111
10000000000111111100000000111111111111111111111111
10000000001111111111000011111111111111111111111111
10000000001011011111000011111111111111111111111111
10000000000000011110001111111111111111111111111111
10000000000000000110111111111111111111111111111111
10000000000001000100001111111111111111111111111111
10000000000001110000001111111111111111111111111111
10000001000000111111111111111111111111111111111111
10000001100000001111111111111111111111111111111111
10000001110000001111111111111111111111111111111111
10000001111000001111111111111111111111111111111111
10000011111100011111111111111111111111111111111111
10001111111100011111111111111111111111111111111111
10000001111101111111111111111111111111111111111111
10000011111111111111111111111111111111111111111111
10000111111111111111111111111111111111111111111111
10000111111111111111111111111111111111111111111111
10000111111111111111111111111111111111111111111111
10000111111111111111111111111111111111111111111111
10000111111111111111111111111111111111111111111111
10001111111111111111111111111111111111111111111111
10000110001111111111111111111111111111111111111111
10000000001111111111111111111111111111111111111111
10000111111111111111111111111111111111111111111111
11111111111111111111111111111111111111111111111111
