11111111111111111111111111111111111111111111111111
11110000000000001100001100001111111111111111111111
11100000000000000000001100001111111111111111111111
11110000000000000000000000000011111111111111111111
11110000000000000000000000000011111111111111111111
11000000000000000000000000010011111111111111111111
11000000000000000010000000000111111111111111111111
11000000000000000000000000000011111111111111111111
11000000000000000001000000010111111111111111111111
11010000000000000001000001000111111111111111111111
11110000000000000000000001101111111111111111111111
11100000000000000000000000001111111111111111111111
11100000000000000000000000101000001011111111111111
10000000000000000000000100001001000011111111111111
10000001000000000000000000001100000001111111111111
10000000000110000000000000001110111100011111111111
10100000000000000000000000000000011101011111111111
10000011100000000000000000000000111111011111111111
11000011000000000000101000000000111110011111111111
11100011110000000000000000000011011110011111111111
11111111111000000000000000100011000000011111111111
11111111111100001000000000000011100000011111111111
11111111111100000000000000000111111110011111111111
11111111111000100000000000000111111000111111111111
11111111110000100010000000000011111000111111111111
11111111110000111110000000001001111110111111111111
11111111100000011111000010000011111110011111111111
11111111000000011111000001001111111111011111111111
11111110000000101110000000011111111111000011111001
11111111100000001110000000000111111111000000001011
11111111110000001111001000000000111111110010000001
11111111100000001111001000000010001111111111111001
11111111100000111111111101110011001111111111111011
11111111100000111111111111111111001111111111111001
11111111111001111111111111111111011111111111111001
11111111111101111111111111111100001111111111110001
11111111111001111100011111111000011111111111100001
11111111110000000001010111111000011111111110000001
11111111110000001100000111100000011111111110000001
11111111111000011100111111000000111111111100000001
11111111111110111110011111011111111111111111100001
11111111111111111111011111011111111111111111101111
11111111111111111111011110011111111111111111111111
11111111111111111110000000111111111111111111111111
11111111111111111111000000001111111111111111111111
11111111111111111111100000001100111111111111111111
11111111111111111111001010000000011111111111111111
11111111111111111111000110000000011111111111111111
11111111111111111111110000000000011111111111111111
11111111111111111111111111111111111111111111111111
