11111111111111111111111111111111111111111111111111
11111111111111111111111111111111111111111111111111
11111111111111111111111111111111111111111111111111
11111111111111111111111111111111111111111111111111
11111111111111111111111111111111111111111111111111
11111111111111111111111111111111111111111111111111
11111111111111111111111111111111111111111111111111
11111111111111111111111111111111111111111111111111
11111111111111111111111111111111111111111111111111
11111111111111111111111111111111000001111111111111
11111111111111111111111111111111000001111111111111
11111111111111111111111111111111000110111111111011
11111111111111111111111111111111000100011111000011
11111111111111111111111111111111100100000000001111
11111111111111111111111111111111110001111000001111
11111111111111111111111111111111100000110000001111
11111111111111111111111111111111110101110000000111
11111111111111111111111111111111111110000000000111
11111111111111111111011111111111111100000000000011
11111111111111111111000001111110011100000010000001
11111111111111111110000001111110001100000110000001
11111111111111111110000001111100001100000010010001
11111111111111110100000000000000000110000000001001
11111111111111110000000001100100011010000000000001
11111111111111100000010000000000000000000000000001
11111111111111100000010000000000000000000000010011
11111111111111000000000011100000000000000000000001
11111111111111110000001111100000000000000101000001
11111111111111110001101111100000000000000001000001
11111111111111110001111111000000000000000000000001
11111111111111111111111110000000000000000000000001
11111111111111111111111100000000000000000000100001
11111111111111111111111000000000000000000001000001
11111111111111111111110000000000000000100011000001
11111111111111111111110000000000000000100011000111
11111111111111111111110000000000000000100010001111
11111111111111111111111000000000000000010100000011
11111111111111111111111110000000000000000000000011
11111111111111111111111100000000000000000000000001
11111111111111111111100100000000000001111000000111
11111111111111111111100000000000000000000000001111
11111111111111111111110000010000000000000000001111
11111111111111111111100000000000000000000010111111
11111111111111111111100000000010000000000000110001
11111111111111111111101000010000000000000000100001
11111111111111111111111000000000000000000000000001
11111111111111111111100000100000000000000000000001
11111111111111111111111000000000000000000000000001
11111111111111111111111101000000000000000000000011
11111111111111111111111111111111111111111111111111
