11111111111111111111111111111111111111111111111111
11111111111111111111100001111111111111010000000001
11111111111111111111111000111111111100000000010001
11111111111111111111100000111111100000000000000011
11111111111111111110010000111111001101101001000011
11111111111111111110000000111101000000000000011001
11111111111111111110000000100000000000000011010001
11111111111111111100000000000001000010000011000001
11111111111111111101011000000000000000001111000011
11111111111111111100000000000001000000001111000111
11111111111111111100000000000000000001101111111111
11111100001111111000000000000000000001111111111111
11111100001010110000000000000000001001111111111111
11111100100000110000001000000000001011111111111111
11111100000000100000000011000000001011111111111111
11111100000000000001000111000000001011111111111111
11111111000000000011001111000000011011111111111111
11111111000000000000000011000010011000111111111111
11111111100010000000000000000000001000011111111111
11111111110111110000000000000000000100111111111111
11111111100100100100000000000000001001111111111111
11111111100000000111000001000010000011111111111111
11111111110000100111001111000000000001111111111111
11111111111110001111111111000000000001111111111111
11111111111110111111111000000000000000011111111111
11111111111110111111111000010000000000111111111111
11111111111100111111111100011111100000111111111111
11111111111100111111111100011111100000111111111011
11111111111110111111111100001111000000111111100001
11111110000100001111111100001111100000110011000001
11111110000000011111111110000111000000100010000001
11111100001001000000111111000001000000000000000001
11111100011001000100111110000000000000000000000001
11111100010000000000111111000000000001001000000001
11111100000000000000111111000100000011000000000011
11111101100000010011111111011111100011100000000011
11111111111001000011111111000100000011100000001011
11111111111101000001111111100000000001110000111111
11111111111100000001101111000011000000000000111111
11111111111110001111100000000001100000100001111111
11111111111110000111000001011000110000000001111111
11111111111110000000000111111110110000000000101111
11111111110000000011111111111110000000000000001111
11111111110000000111111111111111100000000000001011
11111111111110001111111111111111100000000000000001
11111111111110011111111111111111000000000000000001
11111111111111111111111111111110000000000000000001
11111111111111111111111111111100000000000001100001
11111111111111111111111111111000000000000001110001
11111111111111111111111111111111111111111111111111
