11111111111111111111111111111111111111111111111111
11111111111111111111111111111111111100001111111111
11111111111111111111111111111111111111100111111111
11111111111111111111111111111111111111100111111111
11111111111111111111111111111111111111000111111111
11111111111111111111111111111111111111011111111111
11111111111111111111111111111111111111011111111111
11111111111111111111111111111111111111011111111111
11111111111111111111111111111111111111000111111111
11111111111111111111111111111111111110010001111111
11111111111111111111111111111111111110100001111111
11111111111111111111111111111111110000000001111111
11111111111111111111111111111111111000001001111111
11111111111111111111111111111111110000000001111111
11111111111111111111111111111111100100111111111111
11111111111111111111111111111111001100111111111111
11111111111111111111111111111001011111111111111111
11111111111111111111111111111000011000001111111111
11111111111111111111111111110000011100000111110111
11111111111101001111111111110000011100000110100001
11011001111101000011111110000001110000100000000101
10000001111000000011111111000000000000000000000101
10000000111000000001111111000001000000000000000101
10000000000000011100111110000000000001000000000001
10000000001100001110000010000000101000000000011001
11100000000010111111100000000001111000000000000001
11110000000111111111111000001111111000000000000001
11111000001111101111111100011111111100000000000001
11111000000010000111111100011111111100000000000001
11111000000011000011111100111111100000100000000001
11100000000001100011111111111111100001100000000001
11000000000001001000111111111111100000000000000001
11100000000001101110011111111111110001000000010001
11100000001000101111000111111111111001110000000001
10110000000000000011110011111111110001000000000011
10010000000000100011111011111111100000000000000001
10000000000011111111100000111111000000000000000001
10000110001111111111100000011111000000000000100001
10000000000111111111000010000001101000001001110011
10000000011111111111101110000000111100000011100111
10000000011111111111101110000000000000000011001111
10000000011111111111000000000000000000000010001111
11000000111111111111000000000000000000000010001111
11100001111111111111100000000000000000000000000111
11000111111111111111100000000000000000000000001111
11001111111111111111110000001000000000000000001111
11111111111111111111100000111100000000000000000011
11111111111111111111111111111100000000000000000011
11111111111111111111111111111110000000000000000011
11111111111111111111111111111111111111111111111111
