11111111111111111111111111111111111111111111111111
10000011111110111110000000010111111111111111111111
10000000111100000000000000000111111111111111111111
10000000111100000000100110101111111111111111111111
10000000000000000001100100001111111111111111111111
10000000000000000000000000001111111111111111111111
10000000000000010100000000000111111000111111111111
10000011110000111000000000000011000000011111111111
10000111111000000000000000001001000000001111111111
10000001011000100000000000000000100000000011111111
10010000001000100000000000000000100000000011111111
10000000000000000000000000000000000000000001111111
10000000000000000000000000000000000001010011111111
10000011100000001000000000000000000001000000011111
11000111000000000000000000000000000000001100011111
11000111100000100000000000001100000001000110011111
10000011111000110000000000000000000000000000111111
11000011111100000000000000000000000011100111111111
11101011111111111000000000000100110110000111111111
11100011111111111100000000000000000010000111111111
11101111111111111100000000000000000000011111111111
11000011111111111111100000000000000000011111111111
10000011111111111110000000000110000000001111111111
10000111111111111100000000000000000000001111111111
10000110011111111100000000000000000000001111111111
11001000001111111000000000000000000000011111111111
11100000000011111000000000000000000001111111111111
11111100000111111110000000000000000000111111111111
11111100100011111111100000000000000001111111111111
11100000000011111111101011100010001100011111111111
11000000000111111111100111100010000000011111111111
11000000000111111111110011100110010000111111111111
11110000000111111111100111111100000011111111111111
11110000000111111111001111111110011111111111111111
11110000100000001110001111111110011111111111111111
11100000000000001100011111111111111111111111111111
11100011100000000000011111111111111111111111111111
11100011000000111110011111111111111111111111111111
11111111111111111111111111111111111111111111111111
11111111111111111111111111111111111111111111111111
11111111111111111111111111111111111111111111111111
11111111111111111111111111111111111111111111111111
11111111111111111111111111111111111111111111111111
11111111111111111111111111111111111111111111111111
11111111111111111111111111111111111111111111111111
11111111111111111111111111111111111111111111111111
11111111111111111111111111111111111111111111111111
11111111111111111111111111111111111111111111111111
11111111111111111111111111111111111111111111111111
11111111111111111111111111111111111111111111111111
