11111111111111111111111111111111111111111111111111
11111111111111111111111111111111111111111111111111
11111111111111111111111111111111111111111111111111
11111111111111111111111111111111111111111111111111
11111111111111111111111111111111111111111111111111
11111111111111111111111111111111111111111111111111
11111111111111111111111111111111111111111111111111
11111111111111111111111111111111111111111111111111
11111111111111111111111111111111111111111111111111
11111111111111111111111111111111111111111111111111
11111111111111111111111111111111111111111111111111
11111111111111111111111111111111111111111111111111
11111111111111111111111111111111111111111111111111
11111111111111111111111111111111111001111111111111
11111111111111111111111111111111111000111101111111
11111111111111111111111111111111100000111101110001
11111111111111111111111100000000110000110001100001
11111111111111111111111100000000010000110000100001
11111111111111111111111100001000010000100001100001
11111111111111111111111000001000000000000100000001
11111111111111111111100000111000000000000010000001
11111111111111111110000010111000010000000000000001
11111111111111111110000000111100010110000000000001
11111111111111111111000000000000010000000000000001
11111111111111111111100010000000111000000000000001
11111111111111111111100110000000010011110000000001
11111111111111111111111110000000000011111100000001
11111111111111100011111110000001111111111111000001
11111111111110000011111110000011111111111111000001
11111111111000000001111110000000011111111000000001
11111111100000010011110000010000001111111011000001
11111111100000010100000000000000001111110000000001
11111111100011010000000000000010001111111000000001
11111111110000000001110001000011001111111000000001
11111111110000000001111100000001000111000000000001
11111111000001000001111000000000001111000010000001
11111111110000000101111000000000001110000000000001
11111111111010000100110000000000000000000000000001
11111111110000010100000000000000000000000000000001
11111111100110100000000000000000000001100000000001
11111111001000111101000000000000000000000000000001
11111111100000111111100000000000000000000000000001
11111111100110111111110010000000000000000000000001
11111111100110111111110000000000000000000000000001
11111111111111111111110000000010000100000000000001
11111111111111111110000000000000001000000000000001
11111111111111111110100100000000001000000000000001
11111111111111111111000000000000000000000000000001
11111111111111111111101000000000000000000000000001
11111111111111111111111111111111111111111111111111
