11111111111111111111111111111111111111111111111111
11111111111111111111111111111111111111111111111111
11111111111111111111111111111111111111111111111111
11111111111111111111111111111111111111111111111111
11111111111111111111111111111111111111111111111111
11111111111111111111111111111111111111111111111111
11111111111111111111111111111111111111111111111111
11111111111111111111111111111111111111111111111111
11111111111111111111111111111111111111111111111111
11111111111111111111111111111111111111111111111111
11111111111111111111111111111111111111111111111111
11111111111111111111111111111111111111111111111111
11111111111111111111111111111111111111111111111111
11111111111111111111111111111111111111111111111111
11111111111111111111100011111111111111111111111111
11111111111111111111100011111111111111111111111111
11111111111111111111000011111111111111111111111111
11111111111111110010010001111111111111111111111111
11111111111111100000011001111111111111111111111111
11111111111111101110100011111111111111111111111111
11111111111111000111110001111111111111111111111111
11111111111110000001000001111111111111111111111111
11111111111111010000000001111111111111111111111111
11111111111111000000000000011111111111111111111111
11111111110001101100000000011111111111111111111111
11111111111001101100000000011111111001111111111111
11111111111000000000000000011111110001111111111111
11111111111000000000010000001111110000011111111111
11111111100000000000000000000111111000011111111111
11111111000000000011000000000110000000011111111111
11111110000000000000000000000000000000001111111111
11111111000000000000000000000000000000000111111111
11111111000000000000000000000001000000000111111111
11111111100000000000000000000001000000101111011101
11111111110000000000000000000000000000111110000001
11111111111000010101110010110011000001111100000101
11111111111000010111111010000011110011110000000001
11111111111110100011111010101000100011000000000001
11111111111111101001110000000000000000000000000001
11111111111111000001110000000000000000000000000001
11111111111111100000110000000000000000000000000001
11111111111111100111110000000010000000000000000001
11111111111110000111110000000000000000000000000001
11111111111110001111000000000000000000000000000001
11111111111111011110000000000000000000000000000001
11111111111111000000100000001100000000000000000001
11111111111110010101110111001111001000000000000001
11111111111111111111111111111111111000000000000001
11111111111111111111111111111111111000000000000001
11111111111111111111111111111111111111111111111111
