11111111111111111111111111111111111111111111111111
11111111111111111111111111110011111111111111111111
11111111111111111111111111110001111111111111111111
11111111111111111111110001110101111111111111111111
11111111100000111111111000000001111111111111111111
11111111100000111100100000000000111111111111111111
11111111000000000000100000000001111111111111111111
11110011000000001110111000000000111111111111111111
11000001111101000000011000011001111111111111111111
11000000000000000001000000111001111111111111111111
11000000001000010000000000000101111111111111111111
11110000000000110100000000000101111111111111111111
11100000000000000000000000000001111111111111111111
11000100000010001100000000000001111111111111111111
10000000000100011111011110000001111111111111111111
10000000000100000111001100000000111111111110011111
10011000001000000111001100000000110111111100111111
10001000000000010100000000000000000011111000111111
10000000000000000000000000000000100011111000111111
10000000000000001111100100100000000000011000000111
10000000001111111010100000000000000000011000000111
11100000001111111000001000000000000000000001011011
11000011101111111000000000000000000001110000011001
11101111111111111100000000000000000011111100011001
11111111111111111100000000000000001111111100011001
11111111111111111000001000000000001001111000011011
11111111111111111110000000000000001001111110110001
11111111111001100000000000000000000001111110010001
11111111111000000000000000000000000000000110011001
11111111111000000000000000000100100000000110000001
11111111110001000000000000000000110000000000100001
11111111111111100000001000000000110011111000000001
11111111111111000000000000001001110011111000000001
11111111111110000000000000000001111111111110000001
11111111111111000000000000001101111111111110000001
11111111111110000000000001111100011111111110000001
11111111111100000000010000001110000001111110000001
11111111111100000100000010000001000000110000000001
11111111111000000000000111000001000001100110000001
11111111111000000100000111001100000001110100000001
11111111111100000110000011101100000001110000000001
11111111111100001111000011001100000001111000110001
11111111111110001100000001000000000001110000110001
11111111111111011100000011100000111111111001110001
11111111111111111100001111100101111111111011110001
11111111111111111111111111111111111111111111111011
11111111111111111111111111111111111111111111111111
11111111111111111111111111111111111111111111111111
11111111111111111111111111111111111111111111111111
11111111111111111111111111111111111111111111111111
