11111111111111111111111111111111111111111111111111
11111111111111111000000000011001111111111111111111
11111111000101000000000000001101111111111111111111
11111111000000100000000000000001111111111111111111
11001110000000100000000000000001111111111111111111
11011110000000100000000000000001111111111111111111
10011110000000000000000000001101111111111111111111
10000110000000000000000000001111111111111111111111
10000000011000000000000000111111111111111111111111
10000000011001100000000001111111111111111111111111
10000000001111110000000001111111111111111111111111
10000000001111111000000000011111111111111111111111
10000000001111110000000000011111111111111111111111
10000000011111100000000000111111111111111111111111
10000000011110000000000111111111111111111111111111
10000000011110000000001111111111111111111111111111
10000000000100001100000111111111111111111111111111
10000000000100100000001111111111111111111111111111
10000000000000100000001111011111111111111111111111
10000000000000000000000011000011111111111111111111
10000000011000000000000000000011111111111111111111
10000000010000000000000000000000111111111111111111
10000000000010011000001000010000111111111111111111
10000000000001010000000000000001111111111111111111
10000000001000000000000000000001111111111111111111
10000100001000000000000000000001111111111111111111
10000010000001000000000000000001111111111111111111
10000000000011100000000000001001111111111111111111
10000000000011100000000001111111111111111111111111
10000000000111111000000101111111111111111111111111
10000000000111111000000001111111111111111111111111
10000000001111111000000001111111111111111111111111
10000000001111111100000011111111111111111111111111
10000000101111111110000111111111111111111111111111
10000000001111111111111111111111111111111111111111
11100100011111111111111111111111111111111111111111
11111110111111111111111111111111111111111111111111
11111111111111111111111111111111111111111111111111
11111111111111111111111111111111111111111111111111
11111111111111111111111111111111111111111111111111
11111111111111111111111111111111111111111111111111
11111111111111111111111111111111111111111111111111
11111111111111111111111111111111111111111111111111
11111111111111111111111111111111111111111111111111
11111111111111111111111111111111111111111111111111
11111111111111111111111111111111111111111111111111
11111111111111111111111111111111111111111111111111
11111111111111111111111111111111111111111111111111
11111111111111111111111111111111111111111111111111
11111111111111111111111111111111111111111111111111

Wandzellen: 1772
Bodenzellen: 728
