11111111111111111111111111111111111111111111111111
11111111111111111100011100000000000011111111111111
11111111111110000001010000000000000011111111111111
11111111111111000001000000000001100111111111111111
11111111111111000001001100000001101111111111111111
11111111111111001011000010000011001111111111111111
11111111111100000001000111000010001110111111111111
11111111111100000000000111100010000000111111111111
11111111111000000000001111110111000000011111111111
11111111111000000001101111110000100000000011111111
11111111111111000000001111111000001011100011111111
11111111111110000000011111111110110011100001111111
11111111111110110000010001110001110111110001111111
11111111111110110000000000010000000000000000111111
11111111111000010000000110000000001100000000111111
11111111111000000000000100000001001110000001111111
11111111111000100000000000000001000011011111111111
11111111111110000000001000000001000000011111111111
11111111111111111000000100000000000110011111111111
11111111111111111100000100000000000111111111111111
11111111111111111100000000000000011111111111111111
11111111111111111100000000000000001111111111111111
11111111111111111110000000000000011111111111111111
11111111111111111110000000000000011100000100011111
11111111111111111110000000000000010101110000010001
11111111111111111111100000000000000001111000011001
11111111111111111111000010010000001111100000010001
11111111111111111100001111000000000111100000010001
11111111111111111100001100100000111111100000000001
11111111111111111110010000000001111111100000000001
11111111111111111110010110000011111111110000000011
11111111111111111100000000000000001111010000000011
11111111111111111110000001000001100000000000000001
11111111111111111100000011000001111100000000000001
11111111111111001000000000000001110010000000000001
11111111111111001000000000000001110000000000000001
11111111111111000000100000000011100000000000000001
11111111111110000010001000000010001000000100001001
11111111111000000000011000000010111000000011010001
11111111111000000111000001011000011000000000000011
11111111000000000111000000010000011110000001110001
11111110000000000111110000010000000000000001110001
11111111000000000011100000000001110000000001000001
11111111000000000111100011111001000000000000000001
11111111100000000001000000110000000000000001101111
11111111100000000000000000100001111000000111111111
11111111110000000000000000110001111111110111111111
11111111110000001011100000011011111111111111111111
11111111110000000011100000000011111111111111111111
11111111111111111111111111111111111111111111111111
