11111111111111111111111111111111111111111111111111
11111111110000000111000000000000000110000000000001
11110011110000000000000000000000000110000000100001
11110000000000011111000010000000000000000000000001
11110110000000001111110000000000000110000000100001
11110000000000000001111100000000000000000101100001
11110000000000000101111100000000000000000000000001
11010000000000000001111100000000000000000000000001
10000000011111000001111000000000000000000000000001
10000000011111111000111000000000000000000000000001
10000101111111111111111100000000000000000000000001
11000111111111111111111000000000000000000000000001
11111111111111111111111000000000000000000000000001
11111111111111111111111010101100000000000011000001
11111111111111111101000010001000000000000001000001
11111111111111111000000010000000000000001111000101
11111111111111110000000010000000000000000001110111
11111111111111110000000000010000000010000101111111
11111111111111100000000000000000000111000001111111
11111111111111101000000000000000001110000011111111
11111111111111100110000000000000000110000111111111
11111111111111110000000010000000000111000111111111
11111111111111110000000010000000000010000111111111
11111111111111110000000001100000000000111111111111
11111111111111110010000000000000000000111111111111
11111111111111111110000000000001110001111111111111
11111111111111111110000000000001111011111111111111
11111111111111111110000011000000111111111111111111
11111111111111111110100000000000000011111111111111
11111111111111111111100000000000111011111111111111
11111111111111111111100000110011111011111111111111
11111111111111111111110000000000011001111111111111
11111111111111111111110110001100010011111111111111
11111111111111111111111110001110000111111111111111
11111111111111111111111110011110001111111111111111
11111111111111111111111111001111111111111111111111
11111111111111111111111111111111111111111111111111
11111111111111111111111111111111111111111111111111
11111111111111111111111111111111111111111111111111
11111111111111111111111111111111111111111111111111
11111111111111111111111111111111111111111111111111
11111111111111111111111111111111111111111111111111
11111111111111111111111111111111111111111111111111
11111111111111111111111111111111111111111111111111
11111111111111111111111111111111111111111111111111
11111111111111111111111111111111111111111111111111
11111111111111111111111111111111111111111111111111
11111111111111111111111111111111111111111111111111
11111111111111111111111111111111111111111111111111
11111111111111111111111111111111111111111111111111
