11111111111111111111111111111111111111111111111111
11111111111111111111111111111111111111111111111111
11111111111111111111111111111111111111111111111111
11111111111111111111111111111111111111111111111111
11111111111111111111111111111111111111111111111111
11111111111111111111111111111111111111111111111111
11111111111111111111111111111111111111111111111111
11111111111111111111111111111111111111111111111111
11111111111111111111111111111111111111111111111111
11111111111111111111111111111111111111111111111111
11111111111111111111111111111111111111111111111111
11111111111111111111111111111111111111111111111111
11111111111111111111111111111111111111111111111111
11111111111111111111111111111111111111111111111111
11111111111111111111111111111111111111111111111111
11111111111111111111111111111111111111111111111111
11111111111111111111111111111111111111111111111111
11111111111111111111111111111111111111111111111111
11111111111111111111111111111111111111111111111111
11111111111111111111111111111111111111111111111111
11111111111111111111111111111110111111111111111111
11111111111111111111111111111100111111111111111111
11111111111111111111111111101100001111111111111111
11111111111111111111111100000000000111011111111111
11111111111111111111111100000001110100001111111111
11111111111111111111111100000011110000001111111111
11111111111111111111111100000010110000001111111111
11111111111111111111011100000000001000001111111111
11111111111111110000001100000011000000000001111111
11111111111111000011011000000011101000000001111111
11111111111100000011011000000000111110000001111111
11111111111100000100010000000000111111100011111111
11111011100000000000000000000000111111100011111111
11111000000000000000000000000000111111101111111111
11100001000000000000000000000000011111111111111111
11111100000000000000000000000000011111111111111111
11111100000000000000000000000000000011111111111111
11111100000000000000000000000000000011111111111111
11011100000000000000000000000000000001111111111111
11000000000000000000000000000000000011001111111111
11000100000000000000000000000000000010000011111111
10000000001000000000001000000110000010001111111111
10000000001100000000000000011000000000011111111111
10000000000110000000000000000000000000001111111111
10000000000010000000000000000000000000000111111111
10000000000010000000000000100000000000000001111111
10000000000000000000000000000000000000000001111111
10000000110000000010000000000000000000000001111111
10000001110000000010000001001110000000000001111111
11111111111111111111111111111111111111111111111111
