11111111111111111111111111111111111111111111111111
11111111111111111111111111111111111111111111111111
11111111111111111111111111111111111111111111111111
11111111111111111111111111111111111111111111111111
11111111111111111111111111111111000111111111111111
11111111111111111111111110001111000111111111111111
11111111111111111111111100000000000011111111111111
11111111111111111111111100000000000111100011001111
11111111111111111111111001000010001111000000000111
11111111111111111111111011001110000001110000000011
11111111111111111111111000010000000001100000000011
11111111111111111111111100010100100000010000000011
11111111111111111111111100110000000000000000000001
11111111111111111111111110010000000000000001000001
11111111111111111111111100000001000000000000001101
11111111111111111111111100000011100000000000000001
11111111111111111111111000000000110000000000000001
11111111111111111111111000000000111000000000011111
11111111111111111111111100111001111000000000011111
11111111111111111000101001111111111000000001001111
11111111111111110010000011111111111001110001001111
11111111111111111000000001111111111111110001001111
11111111111111111000000011111111111110010000001111
11111111111111110000000000000011111100001001011111
11111111111000010000000000000011111000000001011111
11111111110000100000100000000001100000000000011111
11111111110000000000010000000000000000000010011111
11111111111100000000011000000000000100000000011111
11111111111000000000010000001101000010000011111111
11111111111000000000110000000001000000000111111111
11111111111000100000110000000001100000011111111111
11111111111000100000010000011001100010111111111111
11111111111111100000000000011101100000011101111111
11111111111111100111011000011100000000010000111111
11111111111110000100000000011111000000000000111111
11111111111110000000000000011111101000000000111111
11111111111111111111110000111111101000000110110001
11111111111111001111111101111000100000000000111001
11111111111111001111111111111100001000000100011001
11111111111100001111111111100000000000001011111001
11111111111100101111111111100000000000000011110001
11111111111100100001111111110000000000000000000001
11111111111110110001111011110000000000000000000001
11111111111110100000110010000000000000000000000001
11111111111100000000000000000000000000000000000001
11111111111000000000000010000000000000000000000001
11111111111000000000000000010100110000000000000001
11111111111111100000000000000100111100000000000001
11111111111111100000111101000100001100000000000001
11111111111111111111111111111111111111111111111111
