11111111111111111111111111111111111111111111111111
11111111111111111111111111111111111001100000011111
11111111111111111111111111111100000001000000111011
11111111111111111111111111111100000000000000000001
11111111111111111111111111111000000000000000000001
11111111111111111111111111111000000000000010000001
11111111111111111111111111111100000000000000000001
11111111111111111111111111111100000000000000000001
11111111111111111111111111111100000000000000000001
11111111111111111111111111111110000000000000000001
11111111111111111111111111111110000000000000000001
11111111111111111111111111111110000000000000000001
11111111111111111111111111111110011100100100000001
11111111111111111111111111111000000000100000000011
11111111111111111111111111111100000000000000000001
11111111111111111111111111111001000011000000000001
11111111111111111111111111111000000001000000001111
11111111111111111111111111110000000000000000000011
11111111111111111111111111110001000000000000000011
11111111111111111111111111111001000000101000000011
11111111111111111111111111111111111110110000000001
11111111111111111111111111111100011111110000000001
11111111111111111111110011111100011111110000000001
11111111111110011111110011111001011110000000000001
11111111111100111111100000100001011100001000000001
11111111111100001101100000000000010000001000001011
11111000000000100001100100000000010000000000001001
11111000000111100000001110000000110000000000000001
11110011111111100000001110000000110000000000000001
11110011111111100011111110000000000001100000000001
11000111111111100000000111100000000001010000000111
10000011111111100000000111100000001000000000001111
10000111111111101000111111000000001100000000001111
10000011111111111111111111000010000011000000001111
10000011111111111111000011110000000011000000001001
10010011111111111111000011111101111110000000000001
10001110011111111111000000000001111111111000000001
10000110011111111111010000111111111111111011000001
10000100011111111110000111111111111111111110000001
10000000010011111111000011111111111111100011010001
10000000000000111111000001111111111100000010000001
10000000000000111111100111111111111101000000000001
10000000000000111111100111111111111100000000000001
10000000000011111100000111111111111100000011111111
10000000000011111100111111111111111110110011111111
10000000000011111001111111111111111111111111111111
10000000000001111000011111111111111111111111111111
10000000000001111110001111111111111111111111111111
10000000000000000000001111111111111111111111111111
11111111111111111111111111111111111111111111111111
