11111111111111111111111111111111111111111111111111
10000000000000001111111111111111110000000001111111
10000000000000000001111111111101000000000000111111
10000000000000000000111111100001000000000000111111
10000000000010000000011111100100000000000000111111
10000000000000000000111111000100000000000101111111
10001000010000000000000001000000110000000101111111
10001100000111111001000000001000111000011101111111
10000100000111000001111000001111111100001101111111
10000000000111101111111100001111111100001101111101
10000000010111001111111000001111111100000000011001
10000000000011011111111000001111111100001000011001
10000010010010001111111110001111111000001000000001
10000111111110000111111111111111111000000000000001
10000000011110000111111111111111111000000000000001
10000000000111000111111111111111111100000000000001
10000000001111000111111111111111111000000000000001
10000000001100000111111111111111111100000100001001
10000001111101111111111111111111111100000000001001
10000011111100011111111111111111111100000000011111
10000011111100011111111111111111111110000000001111
10010001001100011111111111111111111111000000000111
10000000001000001111111111111111111100000011011111
10000000001000000111111111111111111100000001111111
10010000000000000111111100111111111100000001111111
10000000000000000111111110111111111001000001111111
10000000000000000011111110111111111100000100111111
10000010000000000011111100111111111100100101111111
10000000000000000011111000011111111100000001111111
10000000000000000000011010011111111111111111111111
10010000000000000000011110001111111111111111111111
11110000000000000100001111011111111111111111111111
11111000000000000000000011011111111111111111111111
11110000000000000000000011011111111111111111111111
11110001000000110000000111011111111111111111111111
11111111000011110110000100011111111111111111111111
11111111111111111111000000011111111111111111111111
11111111111111111111000111111111111111111111111111
11111111111111111111101111111111111111111111111111
11111111111111111111111111111111111111111111111111
11111111111111111111111111111111111111111111111111
11111111111111111111111111111111111111111111111111
11111111111111111111111111111111111111111111111111
11111111111111111111111111111111111111111111111111
11111111111111111111111111111111111111111111111111
11111111111111111111111111111111111111111111111111
11111111111111111111111111111111111111111111111111
11111111111111111111111111111111111111111111111111
11111111111111111111111111111111111111111111111111
11111111111111111111111111111111111111111111111111
