11111111111111111111111111111111111111111111111111
11111111111111111100000000000011111111110000000001
11111111111111111110000000000001111111100000000001
11111111111111111110000000000000111111100000000001
11111111111111111111001110000010011111100000001001
11111111111111111111011010000110011110000000001001
11111111111111111110001000000100000110000000011101
11111111111111111111000000010100000010000000011001
11111111111111111110000000000111111000111111111011
11111111111111111111011111001111111110111111110011
11111111111111111111111111011111111100110111000001
11111111111111111111111111111111111100000111000001
11111111111111111111111111111110000000000110000001
11111111111111111111111111111110000000000011000001
11111111111111111111000001111110000000000000000001
11111111111111111111100000011110000000000000000001
11111111111111111111100000011110000000000000000001
11111111111111111110100000010000000000000000000001
11111111111111111100000100011000000000000000000001
11111111111111110000000011000000000000000001000011
11111111111111110000000011100110010000000000000011
11111111111111110000000001111111111000000001000011
11111111111111111101000000111111000000000001011111
11111111111111111100000000111100000000001100001111
11111111111111111110000000010000000000000100000111
11111111111111111110000000000000000100000100001111
11111111111111111110000010000000000110000000000011
11111111111111111100000000000000000010000000000001
11111111111111111100011000000000000011000000000001
11111111111111111110111110000000000000001000000001
11111111111111111111111111000000000000001000000001
11111111111111111111111100000000000000001101000111
11111111111111111111111100000000000000000111100111
11111111111111111111111100000000000000000000100111
11111111111111111111111111000000000000001100000111
11111111111111111111111110000000000010001100100111
11111111111111111111111111000000000001000100001111
11111111111111111111111111000000000000000100011111
11111111111111111111111110011010000000001110001111
11111111111111111111111111111111000000000000000111
11111111111111111111111111111110010000000100000111
11111111111111111111111111111111111000001100000011
11111111111111111111111111111111111100000000000011
11111111111111111111111111111111111000001000000001
11111111111111111111111111111111111000001110001001
11111111111111111111111111111111111000001101101001
11111111111111111111111111111111111000000100000001
11111111111111111111111111111111111000000000000001
11111111111111111111111111111111110000000000000001
11111111111111111111111111111111111111111111111111
