11111111111111111111111111111111111111111111111111
10000000000000000000111111111111111111111111111111
10000000000100010000111111111111111111111111111111
10000000000000010010111111111111111111111111111111
10000000000000000000111111111111111111111111111111
10000000000000000000111111111111111111111111111111
10000000000000000010111111111111111111111111111111
10000000000000000000011111111111111111111111111111
10000000000000000000001111111111111111111111111111
10000000000000000000001111111111111111111111111111
10000000000000000000011111111111111111111111111111
10000000011000000000011111111111111111111111111111
10000000000000000000011111111111111111111111111111
10000000100000000000001111111111111111111111111111
10000000000110100000011111111111111111111111111111
11100000000000000000011111110011111111111111111111
11100000000000000001111111100000111111111111111111
10000000000000000001111001100001111111111111111111
10000000000101000011110000000001111111111111111111
10000000000100000111100000000001111111111111111111
10000000000000100111000000000001110111111111111111
10000000000001000011100000001100000011111111111111
11000000011000000011110000000110000011111111111111
11000000000001000011100000001111000000111111111111
11000000001111000111100000001111010000011111111111
10000001001111110000000000001111010110111111111111
10000001001111110000100000001110010000111111111111
10000011011111100000100000000000000000111111111111
10000001111111100000100110011000000001111111111111
11000101111111110001110000111110000111111111111111
10000100111111110001110011111111111111111111111111
10000000111111000001110011111111111111111111111111
10000000111110010000111111111111111111111111111111
10000000011110111111111111111111111111111111111111
10000000001000111111111111111111111111111111111111
10000001100000001111111111111111111111111111111111
10000001100001101111111111111111111111111111111111
10000001100000000111111111111111111111111111111111
11000011100001111111111111111111111111111111111111
10000001111111111111111111111111111111111111111111
10000001111111111111111111111111111111111111111111
10001111111111111111111111111111111111111111111111
10000110111111111111111111111111111111111111111111
10000000111111111111111111111111111111111111111111
10000000111111111111111111111111111111111111111111
10000000111111111111111111111111111111111111111111
10000010111111111111111111111111111111111111111111
10000011111111111111111111111111111111111111111111
10000011111111111111111111111111111111111111111111
11111111111111111111111111111111111111111111111111
