11111111111111111111111111111111111111111111111111
11111111111111111111111111111111111111111111111111
11111111111111111111111111111111111111111111111111
11111111111111111111111111111111111111111111111111
11111111111111111111111111111111111111111111111111
11111111111111111111111111111111111111111111111111
11111111111111111111111111111111111111111111111111
11111111111111111111111111111111111111111111111111
11111111111111111111111111111111111111111111111111
11111111111111111111111111111111111111111111111111
11111111111111111111111111111111111111111111111111
11111111111111111111111111111111111111111111111111
11111111111111111111111111111111111111111111111111
11111111111111111111111111111111111111111111111111
11111111111111111111111111111111111111111111111111
11111111111111111111111111111111111111111111111111
11111111111111111111111111111111111111111111111111
11111111111111111111111111111111111111111111111111
11111111111111111111111111111111111111111111111111
11111111111111111111111111111000011111111111111111
11111111111111111111111111111000111111111111111111
11111111111111111111111111110000111111111111111111
11111111111111111111111111000000111111111111111111
11111111111111111111111110000000111111111111111111
11111111111111100111111100110000111111111111111111
11110111111111000000111100110000001111111111111111
11110000001111100000011100010000001111111111111111
11100000000001100000010000010000011111111111111111
10000000000010000010000000000000011111111111111111
10000000000000000010000000001001000111111111111111
10000001000000000110000000000001100111111111111111
10000000000000000010000000000001110111111111111111
10000000000000000000000000000001110111111111111111
10000000000000000000000000000001110111111111111111
10000000000000000000000000000001110111111111111111
10000000000000000000000000011111100111111111111111
11000000000000000000000000011111100011111111111111
11000001000000000000000000011111111001111111111111
11011000110000000000000001111111111101111111111111
11000011110000000000000001111111111101111111111111
11100111110000000000000000011111100101111111111111
11000011000000000000000000011101000100111111111111
10000100000000000000000000000100000000111111111111
11000001000000100000000000000100000010011111111111
11000001100000000000000000011000000111111111111111
10000000000000000000000000011000000011111111111111
10001000000000000000000000010000000001111111111111
10000001000000000000000000010000000001111111111111
10000100000000000000000000000000000001111111111111
11111111111111111111111111111111111111111111111111
