11111111111111111111111111111111111111111111111111
11111111111111111111111110001111111111111111111111
11111111110000011111111010001111111111111111111111
11111111110001011111110000001100001111001111111111
11111111100000001111000000000000001100001111111111
11111111111000000111000000000000000000001111111111
11111111000001100000000000000000000000011111111111
11111110000000011000000000000000000001111111111111
11111111000000000000000000000000001101111111111111
11111110000000010100000010000000001101111111111111
11111100000001110000000000001000000100011111111111
11111100000001111100000000001000000000001111111111
11111111000001111100111100001000000000000111111111
11111111110001111111111100000100000000000011111111
11111111111001111111111100110110000000011111111111
11111111111111111111111100010000000000111111111111
11111111111111111111111100011001100000111111111111
11111111111111111111111110011111100000111111111111
11111111111111111111111111111111000000111111111111
11111111111111111111111111111111110000111111111111
11111111111111111111111111110111111001111111111111
11111111111111111110010000010000000011111111111111
11111111111111111000000000000000000001111111111111
11111100111100010000001000000001000111111111111111
11111100011100000101000000000000000001111111111111
11111101001100000011000000000000000001111111111111
11111101100010000011100010000101000001111111111111
11111000000000010011110010010100000001111111111111
11111000000100000011100110000000000000001111111111
11110000001110101111110000010000000000000011111111
11000000001111101111101100000000000000110111111111
11000000000111101111100000001000000011000111111111
10000000000000000111100000000000000011011111111111
10000000000111110111101100000001110000011111111111
11000000001111111111100011000000110000001111111111
11000000001111111111110001000000110000101111111111
11000000001101111111110000000000110000001111111111
11000000000000100111110000000000111001111111111111
11000000000000000111110000000001111011111111111111
10000000000000000111111000000000111111111111111111
11000000000000000001111000011000111111111111111111
11000000000000000000001011011000111111111111111111
10000000000000000000000011111111111111111111111111
10000000000000000001100111111111111111111111111111
10000000000000101011111111111111111111111111111111
10000000000000100011111111111111111111111111111111
10000000000000000011111111111111111111111111111111
10000000000000000001111111111111111111111111111111
10000000000000000011111111111111111111111111111111
11111111111111111111111111111111111111111111111111
