11111111111111111111111111111111111111111111111111
10000001111111111111110000000000000000001111111111
10000001111111111111000000000000000000011111111111
10000000111111111111000000000000000000010001111111
10000000111111000000000000000000000100000000001111
10000000111111000110000000000000011100000000000111
10000000111101000100000000000000011000000000000001
10000110111000000000000000000000010000000000011001
10001000110000000000000110100011000000000000010001
10000000000000000000000110101110000000000000010001
10000000000000000000000100000100000000000000000001
10000000000000000000000001010000000000001000110001
11000000000000010000000010000000000000000011111001
10011111100000000000000110000000000000001111111011
10111111000000011000001110110100000000001111111111
10001100000000011100011111110000001100001111111111
10011100000100011111011110000000000000011111111111
10100100000000011110011111000000000000111111111111
10000011000000000100111111110000000000111111111111
10000111100000110000111111111011100000011111111111
10011111100000000000011111111011111111011111111111
10111111110010000000001111100001100010011111111111
10001111111110000000000001101001000000111111111111
10001111111111000000000100000000010111111111111111
10001111111111010000000010000000000111111111111111
11000111111111110000000011000001100111111111111111
10000000011111100000000011000011111111111111111111
10000000001111100000001000000111111111111111111111
10001100001111100000000000001111111111111111111111
10000000001111110000000001111111111111111111111111
10000000001111100000011111111111111111111111111111
10000000001111110000111111111111111111111111111111
10000000001111110001111111111111111111111111111111
10000000000111110011111111111111111111111111111111
10000101000111110111111111111111111111111111111111
11000001000111111111111111111111111111111111111111
10000000001111111111111111111111111111111111111111
10000000001111111111111111111111111111111111111111
10000000001100000111111111111111111111111111111111
10000000100001100001111111111111111111111111111111
10000000010011100001111111111111111111111111111111
10000000111000000001111111111111111111111111111111
10111010111010000001111111111111111111111111111111
10111000111010000011111111111111111111111111111111
10011000000000000011111111111111111111111111111111
11011101111000000011111111111111111111111111111111
11000000000011000111111111111111111111111111111111
11000000000000000011111111111111111111111111111111
11000110000000000011111111111111111111111111111111
11111111111111111111111111111111111111111111111111
