11111111111111111111111111111111111111111111111111
10000000000011000001111111111111110000000000000001
11100000000000010001111111111111110000000000000001
11100000000000110101111111111111000000000000000001
11100000000000001101111111111010000000000000000001
11100000000000000001110001110001000000000000100111
10000000000000000111110000111001011001000001000111
10000000000000001111100000011100011111110100000111
10000001001100001110000000001000011111111111100011
10000001000101000000000000000000111111111111000111
10000001110000001000000000000110001000111111000111
10000000000010000010000000000010011000001111011111
10000000000001001001000000000011111000000111000111
10000000000000000000000001000011111010100000000111
10000000000000000100000111001011110000000010000111
10000000000000010000001111111111111000000011000111
10000000000110010000101111111111111100000000001111
10000000000000111111111111111111111100010000011111
10000000000000001111111111111111111110110000000011
10000000000001001111111111111111111110110010000011
10000000000000011111111111111111111111110010001111
10000010011001111111111111111111111100000110001111
10000000111000111111111111111111111100000100001111
11000000111111111111100011000111111110000100011111
11100000111111111111000010000100000000001101111111
11110000011111111111100000000001000000001111111111
11110001111111111111100000000111000000111111111111
11110001111111111111000000000111000000011111111111
10100000111111111111110000000111000000101111111111
10010001111111111111110011000111000000000111111111
10000001111111111111111000001111000000001111111111
10000111111111111111111100001110000000011111111111
11000011111111111111111100111110000000001111111111
11100001000111111111111111111111110000001111111111
11100000000111111111111111111111110011111111111111
11111110000101111111111111111111110111111111111111
11111111000000111111111111111111111111111111111111
11111111100000000111111111111111111111111111111111
11111101001101010011111111111111111111111111111111
11111100001111000011111111111111111111111111111111
11111100000110000111111111111111111111111111111111
11111000000000001111111111111111111111111111111111
11111000111000111111111111111111111111111111111111
11111100111011111111111111111111111111111111111111
11111111111111111111111111111111111111111111111111
11111111111111111111111111111111111111111111111111
11111111111111111111111111111111111111111111111111
11111111111111111111111111111111111111111111111111
11111111111111111111111111111111111111111111111111
11111111111111111111111111111111111111111111111111
