11111111111111111111111111111111111111111111111111
10000000000000100001111111111111111111111111111111
10000000000000000001111111111111111111111111111111
10000000000000000111111110111111111111111111111111
10000000000000000111000000011111111111111111111111
10000000000000000010000000011111111111111111111111
10010000000000000000000000011111111111111111111111
10000000000000000011001111011111111111111111111111
10000000000000001010011111000111111111111111111111
10000000000000001010111111110111111111111111111111
10000000000000000110000011110110011111111111111111
10000000010000000111100010000100011111111111111111
10000000000000000001100010100000111111111111111111
11100000000000000000111000000000011111111111111111
11100000011000000010001100000000111111111111111111
11100000011000001000001100000001111111111111111111
11100000000000000000000000011001111111111111111111
11110001010000000000010000011111111111111111111111
11100000010001111000010100111111111111111111111111
11100000001000000000000101111111111111111111111111
11110000000000000000011101011111111111111111111111
11001100001000100000011100011111111111111111111111
11000000000000000000011100011111111111111111111111
10000000000000100000111110011111111111111111111111
11001100000000000000111110111111111111111111111111
11000000000000000001111111111111111111111111111111
11111100000000000011111111111111111111111111111111
11111110000000000000011111111111111111111111111111
11111110000000000000011111111111111111111111111111
11111100000000000000111111111111111111111111111111
11111000000001001001111111111111111111111111111111
11100001100000000000111111111111111111111111111111
11111001111100000000111111111111111111111111111111
11011001111100000000111101111111111111111111111111
11000000110000000000011101111111111111111111111111
11000000000000100001010000111111111111111111111111
11100100000000010001000110111111111111111111111111
11100000000000000000111110111111111111111111111111
11110000000000110011111110111111111111111111111111
11111000000011010111111110111111111111111111111111
11111000100000010001111000111011111111111111111111
11111001100000000000011000000000111111111111111111
11111100000000000001011111111100111111111111111111
11110000000000000111000011110010111111111111111111
11110000000000000001110011110010011111111111111111
11110000000000000000100111100000011111111111111111
10010000000000010000000111100001111111111111111111
10000000000000011111100111111011111111111111111111
10000000000000011111111111111111111111111111111111
11111111111111111111111111111111111111111111111111
