11111111111111111111111111111111111111111111111111
10000000000000000000011000000000000000000000000001
10000010000000000000000000000000000010000000110001
10001000000000000000000000000000000111000000100001
10011100000000000000000000000000000110010000000001
11111100000000000000000000010000000000000010000001
11111000000000100000000100000000000010000010000001
11111000000000000000000000000010000000100001000001
10011000000000000000000000000000000000111011000011
10000000000000000000000000000000000011111111111111
10000000000000000000000001110000000011111111111111
10010000000000000000000001100000000000111111111111
10010000000000000000000001100000000001111111111111
10000100000000001000000000000000000011111111111111
10000000000000001100001000000000000011111111111111
10000000000000101110000000000000000111111111111111
10000000000000000010000111000000000111111111111111
10000000000000000000000000011000000011111111111111
10000000000100000000000000011000000011111111111111
10000000010000000000010000000000000001111111111111
10000000000000000001000000000000000001111111111111
10000000000000000000000000000000111111111111111111
10010000000000000000000100000000111111111111111111
11000000000000000000001110000100111111111111111111
11100111100000000000111110000000111111111111111111
11110111111010110100111111100100111111111111111111
11111111111111110100111111101100111111111111111111
11111111111111111100111111101101111111111111111111
11111111111111111111111111100001111111111111111111
11111111111111111111111111111111111111111111111111
11111111111111111111111111111111111111111111111111
11111111111111111111111111111111111111111111111111
11111111111111111111111111111111111111111111111111
11111111111111111111111111111111111111111111111111
11111111111111111111111111111111111111111111111111
11111111111111111111111111111111111111111111111111
11111111111111111111111111111111111111111111111111
11111111111111111111111111111111111111111111111111
11111111111111111111111111111111111111111111111111
11111111111111111111111111111111111111111111111111
11111111111111111111111111111111111111111111111111
11111111111111111111111111111111111111111111111111
11111111111111111111111111111111111111111111111111
11111111111111111111111111111111111111111111111111
11111111111111111111111111111111111111111111111111
11111111111111111111111111111111111111111111111111
11111111111111111111111111111111111111111111111111
11111111111111111111111111111111111111111111111111
11111111111111111111111111111111111111111111111111
11111111111111111111111111111111111111111111111111
