11111111111111111111111111111111111111111111111111
11111111111111111111111111111000000010000000000001
11111111111111111111111111000000000000000000000001
11111111111111111111111111100110000000000000000001
11111111111111111111111111110111000000000000000001
11111111111111111111111111001110000000000000010001
11111111111111111111111001000000000001001000010001
11111111111111111111111000000000010000001000000011
11111111111111111111111000000000111000000000010111
11111111111111111111111100000111110000000000000111
11111111111100011111111110000011111000000000000011
11111111111110011100011100000000010000000000000011
11111111111110010000001000000000011000000010100001
11111111111110000000000000000000000000000000000001
11111111111110000000000000000000001000000000000001
11111111110010111000000000000000000100000000000111
11111111111000111100000000000110110100000100100111
11111000111000011100000000000110000000011111111111
11111000010001111000100010001100000000011111111111
11100001000000111100000001011000000001111111111111
11100000000000000000000100111000000001111111111111
11100000000000000000111100111101101000011111111111
11100000000000000000001111111001100000111111111111
11000000000000000000000011110001110000111111111111
11001000000000000000000010100000111110111111111111
11101111101000000000000010100001110000111111111111
11101111111000000001111110000001000001111111111111
11111111111000000000001000011001001011111111111111
11111111111000000000000000011011000011111111111111
11111111110000010000000000011100000111111111111111
11111111111110010111100000011001111111110001001111
11111111111110110111100010000000111111000000011111
11111111111100100111111010000000000010011000011111
11111111111100000111110010000000010010011101011111
11111111111101111111111000000000000000011111011111
11111111111101001111111000000000000000100011011111
11111111111100001111000000000000000000000000011111
11111111111100000101001001000000000000010000011111
11111111111110000000000000000000000000100000011111
11111111111111111100000000001000000000000111111111
11111111111111111100000000000000000000000111111111
11111111111111111101100000000000000000000111111111
11111111111111111111110000110001000000100111111111
11111111111111111111111110000011100000000111111111
11111111111111111111111000000111100001000011111111
11111111111111111111111000000111000000000011111111
11111111111111111111111110000110000000000011111111
11111111111111111111111111101000000000000011111111
11111111111111111111111111000000000000011111111111
11111111111111111111111111111111111111111111111111
