11111111111111111111111111111111111111111111111111
11111111111111111111111111111100000111000001100001
11111111111111111111110011111000001110000001000001
11111111111111111111110001110000001111000000000001
11111111111111111111111000110000000001100000000011
11111111111111111111111000000110101101100010000011
11111111111111111111111000101110001001110001101001
11111111111111111111111100000011100011100101100001
11111111111111111111111100010011101011000000010001
11111111111111111111111100000110001100000000000111
11111111111111111111111111000110000000000000000001
11111111111111111111111111000001110100010000000001
11111111111111111111111111100000010000011100010001
11111111111111111111111111100000000010011100000001
11111111111111111111111111100010000000010000000011
11111111111101111111111111100000000000000000000111
11111111110000001111111111111000000100000000111111
11111111111000000111111111110000001000000000111111
11111111111100010001111101000000000000001011111111
11111111111100000000111000000000000000000011111111
11111111111100000010000100000000000000000111111111
11111111111100000110000000000110000000000001111111
11111111111110000110100000001100000000000001111111
11111111111100011111100000001100000000000000111111
11111111111111011111000000000100000000000000111111
11111111111111000011000000000111000000000001111111
11111111111111000000000000000011100000000001111001
11111111111111111111100000000001100000001000100001
11111111111111111111100000000000100001111100000001
11111111111111111111110000000000000010010000000001
11111111111111111111100000000100000010000000000001
11111111111111111111111100111110000000000000000001
11111111111111111111111111111100000000000000000001
11111111111111111111111111111100000000000000000001
11111111111111111111111111111100000001000000000001
11111111111111111111111111111100000000000000000001
11111111111111111111111111111101000000000000000001
11111111111111111111111111111000000000000000000001
11111111111111111111111111111010000000000000000001
11111111111111111111111111111000000001000000000001
11111111111111111111111111111110000001000000000001
11111111111111111111111111111100000000000000000001
11111111111111111111111111111100111000000000000001
11111111111111111111111111111111111010000000000001
11111111111111111111111111111111111111110000000011
11111111111111111111111111111111111111110000001001
11111111111111111111111111111111111111111000000011
11111111111111111111111111111111111111111000000111
11111111111111111111111111111111111111110000011111
11111111111111111111111111111111111111111111111111
