11111111111111111111111111111111111111111111111111
11111110000000001111001001000000000011111111111001
11111110000000000010001000000000000000111111000001
11111110010000000000000000000000000001111111110001
11111110110000000000000000100000000001111111110001
11111110111000000000000000010010000001111111100001
11111110001000000000000000000010000101111111100001
11111111100000000000000000000000000111111111100001
11111111110010000000000000000001101111111111000011
11111111110001110000000000000011000111111100000011
11111111110001110000000000000011101111111100000011
11111111111111110000000010100011100011111100100001
11111111111111110000000000000011111001111000000001
11111111111111110000000000000111110011000000000001
11111111111111110000000000000000000000000000000101
11111111111111111000000000001000000001000001000111
11111111111111010000000000011000000010000000001111
11111111111111000000000000010000000110000000000001
11111011111110000000000000000000000100000000000001
11110010111110000000000000000000000001110000000001
11111000011110000000000000011011000011100000000011
11111010000110000000000000000000100011100000000001
11001011000111000000000000000000000011100001000001
10000011101110000000000000000000010111111111100011
11000011101110000000000110001000011111111111100011
11000011100011000000001110001011111111111111111111
11000111111000000000001111111111111111111111111111
11101111111000000000011111111111111111111111111111
11000111111110000000111111111111111111111111111111
10000111111110000111111111111111111111111111111111
11101111111110000111111111111111111111111111111111
10001111111110110111111111111111111111111111111111
10100111111000101111111111111111111111111111111111
10000111111100000111111111111111111111111111111111
10000000111100001111111111111111111111111111111111
10000000111000001111111111111111111111111111111111
11010000000000001111111111111111111111111111111111
10000000000000001111111111111111111111111111111111
10000000000000011111111111111111111111111111111111
10000011000111111111111111111111111111111111111111
11000000011111111111111111111111111111111111111111
11100011011111111111111111111111111111111111111111
11100000011111111111111111111111111111111111111111
11100110111111111111111111111111111111111111111111
11111111111111111111111111111111111111111111111111
11111111111111111111111111111111111111111111111111
11111111111111111111111111111111111111111111111111
11111111111111111111111111111111111111111111111111
11111111111111111111111111111111111111111111111111
11111111111111111111111111111111111111111111111111
