11111111111111111111111111111111111111111111111111
10000000000000111111111111111111111111111111111111
10000000000010011111111111111111111111111111111111
10000000100111011111111111111111111111111111111111
10000010000100011111111111111111111111111111111111
10000000010000011111111111111111111111111111111111
10100000011110000111111111111111111111111111111111
10000000011100000111111111111111111111111111111111
10000000011100000111111111111111111111111111111111
10000001100000000111111111111111111111111111111111
10000000000100001111111111111111111111111111111111
10000000000000000111111111111111111111111111111111
11100000000000000010001111111111111111111111111111
11100100000000000000001111111111111111111111111111
11111100000000000000101111111111111111111111111111
11111000000000000000000011111111111111111111111111
11110000000000000000000011111111111111111111111111
11110000000000000000000001111111111111111111111111
10110000000000000000000001111111111111111111111111
10000000100000000000110011111111111111111111111111
10000000000000000111111011111111111111111111111111
10000000000000000111111011111111111111111111111111
10000000000000000011111000111111111111111111111111
10000000000000000001110000111111111111111111111111
10000000000000000000000000111111111111111111111111
10000000000000000000000001111111111111111111111111
10000000000000000000000101111111111111111111111111
11100000000000000000111111111111111111111111111111
11000000000000000001111111111001111111111111111111
11100111000000000000001110000001111111111111111111
11111111100000000000000000001011111111111111111111
11111111100000000000011000111111111111111111111111
11111111111000100000000010111111111111111111111111
11111111100010000000001111111111111111111111111111
11111111110000000000011111111111111111111111111111
11111111110000000000111111111111111111111111111111
11111111111100100101111011101111111111111111111111
11111111111000011111110000001111111111111111111111
11111000011000001111110000001111111111111111111111
11111000011000000011110000101111111111111111111111
11111110001000001011100001001111111111111111111111
11111111000000000000010001101111111111111111111111
11111110000000000000010001001111111111111111111111
11111000000000000000000011001111111111111111111111
11111000000000000000000000001111111111111111111111
11110000000000000000000000011111111111111111111111
11110000000000000000001000111111111111111111111111
11000000100000000000001100011111111111111111111111
10000000100000000000011110011111111111111111111111
11111111111111111111111111111111111111111111111111
