11111111111111111111111111111111111111111111111111
11111111111111111111111111111111111111111111111111
11111111111111111111111111111111111111111111111111
11111111111111111111111111111111111111111111111111
11111111111111111111111111111111111111111111111111
11111111111111111111111111111111111111111111111111
11111111111111111111111111111111111111111111111111
11111111111111111111111111111111111111111111111111
11111111111111111111111111111111111111111111111111
11111111111111111111111111111111111111111111111111
11111111111111111111111111111111111111110011111111
11111111111111111111111111111111111110000011111111
11111111111111111111111111111111111100000111111111
11111111111111111111111111111111111110000100011111
11111111111111111111111111111111111110000000001111
11111111111111111111111111111111111111100000001111
11111111111111111111111111111111111111000000000111
11111111111111111111111111111111111111000000000001
11111111111111111111111111111111111000000000000001
11111111111111111111111111111111100000000000000001
11111111111111111111111111111100000000000000000001
11111111111111110001111111111100011000000000000001
11111111111110100000010000111000011000000000000001
11111111100000000000000000000000011000000000001101
11111111000000000000011100000000001000000000000001
11111000010000000010011101000000000000000000000001
11111011010000000000011000000010000000000000000001
11111011000000000011000000000101100000000000000001
11111000000000100000110100000001110010000000000001
11111100000000000000110000000000110001010000000011
11111100000000000000011001000011100000000000000011
11111100000000000111111011111110000000000000000011
11111110000011001111111111011000000000000000000001
11111110111111111111111110010000100000000000000011
11111111111111111111111000000000000000000000000001
11111111111111111111111000000011100000000000000001
11111111111111111111111010000011100000000000000001
11111111111111111111111110000111110000000000000001
11111111111111111111110000100000111000000000000001
11111111111111111111110001101000110000000000000001
11111111111111111111100011001000000000000000000001
11111111111111111111110000000100000000000000000001
11111111111111111111111110000000000010000000000001
11111111111111111111111100101110000000000000000011
11111111111111111111111111100000001000000000111001
11111111111111111111111111100000111000000000000001
11111111111111111111111111110000111000000000000001
11111111111111111111111111111111100000000000000111
11111111111111111111111111111111000000000000000011
11111111111111111111111111111111111111111111111111
