11111111111111111111111111111111111111111111111111
11111111111111111111111111111111111111111111111111
11111111111111111111111111111111111111111111111111
11111111111111111111111111111111111111111111111111
11111111111111111111111111111111111111111111111111
11111111111111111111111111111111111111111111111111
11111111111111111111111111111111111111111111111111
11111111111111111111111111111111111111111111111111
11111111111111111111111111111111111111111111111111
11111111111111111111111111000001111111111111111111
11111111111111111111111110000000111111111111111111
11111111111111111111111111110000111111111111111111
11111111111111111111111110011000111111000011111111
11111111111111111111111110101001111111000000111111
11111111111111111111111100000000111111000000111111
11111111111111111111111000001000011110000000011111
11111111111111111111110000000000000000000000001011
11111111111111111111111110000000000010000000011001
11111111111111111111111111000000000000000000010001
11111111111111111111111111000000000010000000000001
11111111111111111111111111000000000000000000000001
11111111111111111111111110000000000000000000000011
11111111111111111111110011000000100000000010000001
11111111111111111111110011001110000000000011110001
11111111111111111111110010011111000000000000000001
11111111111111111111110000101110000000000000000001
11111111111111111111110011000000000000000010000001
11111111111111111111111001100000000000000000000001
11111111111111111111111100000100000010000000000001
11111111111111111111111100000000000000000000000001
11111111111111111111111100000000000000000000010001
11111111111111111111111111000000000000000000010001
11111111111111111111111111010000000000000001111001
11111111111111111111111111110100000000000001111001
11111111111111111111100111110000100010000001111101
11111111111111111111100100000000000000000111111111
11111111111111111111100000100000000000100111111111
11111111111111111111000000100000000000110111111111
11111111111110111111000110000000000000000111111111
11111111101110111111110000000000000000011111111111
11100000100000000000110000000000000001111111111111
10000000000000000000000000000000000000000011111111
10000000010001000000000000000000000000001011111111
10000000000111000000000000000000000000011011111111
10000000000000010010001100000000000000000011111111
10000000000001111110001100000000000000000011111111
10000000100011111111101111100000000000000011111111
10000000000111111111111111110000000000000011111111
10000000001111111111111111111000000000010111111111
11111111111111111111111111111111111111111111111111
