11111111111111111111111111111111111111111111111111
10000000000000000000011000000011111111111111111111
10000000000000000000011000000000111111111111111111
10000000000000000000000000000010111111111111111111
10000000000000000000000000000000111111111111111111
10000000000100000000000000000100011111111111111111
10000000000000000000000000001110011111111111111111
10000000100000000000000000010000111111111111111111
10000000010000000000011110000011111111111111111111
10000010000010100000001111111111111111111111111111
10000001000000100000011111111111111111111111111111
10000000000000000000000011111111111111111111111111
10010000000000000000010011111111111111111111111111
10000010010000000000000011111111111111111111111111
10100010000000000000000111111111111111111111111111
10001110000000000000000111101111111111111111111111
10001111111110000000000110000111111111111111111111
10000111111100000000011110000011111111111111111111
11001111111100000000000111000011111111111111111111
10001111111100000000000010001111111111111111111111
10011111111110001101100100000011111111111111111111
10011111000000000101111000000000111111111111111111
10001111011110000001000000001111111111111111111111
10001101000000000001011000011111111111111111111111
11001100001110000000011000001111111111111111111111
10001001111100000100110000011111111111111111111111
10000011111100000110000000111111111111111111111111
10000011111000110011000000011111111111111111111111
10000000111111111000000000011111111111111111111111
10000001111111111000100010000111111111111111111111
10000011111111111110100111000000111111000111111111
10001111111111111110111111100000011100000111111111
10001111111111111110011111100000000100000011111111
11111111111111111110001111110000000000000011111111
11111111111111111100001111110010000000000001111111
11111111111111111110001111110000000000000001111111
11111111111111111111100111110000000000000001111111
11111111111111111111110111100000000011000001111111
11111111111111111111110000000000000011100011111111
11111111111111111111111100110000001111100000111111
11111111111111111111111110110000000010000000111111
11111111111111111111111110111001010110000001111111
11111111111111111111111111111001000010000101111111
11111111111111111111111111110101000110000011111111
11111111111111111111111111100000000000000011111111
11111111111111111111111111100000000000000011111111
11111111111111111111111111001000000000001111111111
11111111111111111111111111000000000000001111111111
11111111111111111111111111100000000000001111111111
11111111111111111111111111111111111111111111111111
