11111111111111111111111111111111111111111111111111
11111111111111111111111111111111111111111111111111
11111111111111111111111111111111111111111111111111
11111111111111111111111111111111111111111111111111
11111111111111111111111111111111111111111111111111
11111111111111111111111111111111111111111111111111
11111111111111111111111111111111111111111111111111
11111111111111111111111111111111111111111111111111
11111111111111111111111111111111111111111111111111
11111110011111010111001111111111111111111111111111
11111100001110000000000000000000111111111111111111
11111100001100000000000000000000111111111111111111
11111110000000000000000100000000001111111111111111
10011100000000000000000000000000011111111111111111
10000000000000000000000000000000011011101111111111
10000000000000000000000000000000000000101111111111
10000000000000000000011000000000001000101111111111
10000000000000000000001000000000100000000111111111
10000000000000000000000000000000000000000000111111
10000000000000000000000000000000000000000000111111
10000000000000000000000010000000000000001000111111
10000000000000000000000011000000000000000001111111
10000000000000000000000000000010000000000011111111
10000000000000000000010100000000000000000011111111
10000000000000000110000000000000000000000111111111
10000000011000100111011100000000000000000111111111
10000000011100111111111111111111111000000001111111
10000000000101111111111111111111110000011101111111
10000000000100001111111111111111111000001111111111
10001100001100001111111111111111110010001111111111
11000000000000001111111111111111110100001111111111
11010000000010011111111111111111111111111111111111
11111000000011111111111111111111111111111111111111
11100000000011111111111111111111111111111111111111
11100011000001111111111111111111111111111111111111
11110000100011111111111111111111111111111111111111
11110000000011111111111111111111111111111111111111
11111110011011111111111111111111111111111111111111
11111111111111111111111111111111111111111111111111
11111111111111111111111111111111111111111111111111
11111111111111111111111111111111111111111111111111
11111111111111111111111111111111111111111111111111
11111111111111111111111111111111111111111111111111
11111111111111111111111111111111111111111111111111
11111111111111111111111111111111111111111111111111
11111111111111111111111111111111111111111111111111
11111111111111111111111111111111111111111111111111
11111111111111111111111111111111111111111111111111
11111111111111111111111111111111111111111111111111
11111111111111111111111111111111111111111111111111
