11111111111111111111111111111111111111111111111111
11111111111111111111111111111111111111111111111111
11111111111111111111111111111111111111111111111111
11111111111111111111111111111111111111111111111111
11111111111111111111111111111111111111111111111111
11111111111111111111111111111111111111111111111111
11111111111111111111111111111111111111111111111111
11111111111111111111111111111111111111111111111111
11111111111111111111111111111111111111111111111111
11111111111111111111111111111111111111101100011111
11111100011111111111111111111111111111101110001111
11111100001111111111111111111111111011000110011111
11111101001111111111111111111111111000000110000111
11111101101111111111111111111111111000000010110111
11111100001111111111111111111000100000001000000111
11111100001111111111111111111000000110000001001111
11111000111111111111111111110000001111111000011111
11111000000001110111111111100000001111111011111111
11110001000000000111111111000000011111100011111111
11110000000000000111111110000001111111100000011111
11110000000001000011111100000011111111000110100001
11111100000000000011110000000011111111101110000001
11111100000000001011100000000000111111111100000001
11111001000000001111100000000000111111111000000001
11111001000000011111110000000000001111111110000001
11111000000000000111110000000000011111110000000001
11110000000000000001000000000000111111111110000001
11110000000000000000000000000000011111111000000001
10010011000000000000000000000000011111110000000001
10000001000000000000000000000000001111110011001001
10001100000000000000000000000100000111100001001011
10000000000000000000000000000000000011000001111011
10000000100000000000000011001000000011000001111111
10000000100000000000000010000000000011001111111111
10110000100000000001000000000000000010001111111111
10000000000000000000000000011000000100000111111111
10000000000100000000000000110010000000000011111111
10000111000000000000010000000010000000000111001111
10000111000000000000000010000000011100000000000111
11110111000000000000000000001000111100000000000001
11110001000000000000000011000011111110000000000001
10000111001111000110100011000011111111000000010111
10000001001111000000001110000011111000000011111111
11110100011111111001111111000111110011111111111111
11111100001111111111111111101111000000111111111111
11111101101111111111111111100000001011111111111111
11111101111111111111111111001101100011111111111111
11111111111111111111111111111111111111111111111111
11111111111111111111111111111111111111111111111111
11111111111111111111111111111111111111111111111111
