11111111111111111111111111111111111111111111111111
11111111111111111111111111111111111111111111111111
11111111111111111111111111111111111111111111111111
11111111111111111111111111111111111111111111111111
11111111111111111111111111111111111111111111111111
11111111111111111111111111111111111111111111111111
11111111111111111111111111111111111111111111111111
11111111111111111111111111111111111111111111111111
11111111111111111111111111111111111111111111111111
11111111111111111111111111111111111111111111111111
11111111111111111111111111111111111111111111111111
11111111111111111111111111111111111111111111111111
11111111111111111111111111111111111111111111111111
11111111111111111111111111111111111111111111111111
11111111111111111111111111111111111111111111111111
11111111111111111111111111111111111111111111111111
11111111111111111111110011111111111111111111111111
11111111111111111111110001111111111111111111111111
11111111111111111110000011111111111111111111111111
11111111111111111100000011111111111111111111111111
11111111111111111100000011111111111111111111111111
11111111111111111000000111111111111111111111111111
11111111111111111000001111111111111111111111111111
11111111111111111110000011111111111111111111111111
11111111111111111110100000111111111111111111111111
11111111111111111110000111111111111111111111111111
11111110111111111111100011111111111111111111111111
10011000111111111111100011111111111111111111111111
10000000111111111111000011111111111111111111111111
10001000011111111011001111111111111111111111111111
10000000011111110000001111111111111111111111111111
10000000000111100000000111111111111111111111111111
10000000000001000000010001100111111111111111111111
10000000000001000000000001000111111111111111111111
10000000000000000000000000000011111111111111111111
10000000000000000000000000000011111111111111111111
10000000000000000001000000000001111111111111111111
10000000000000000000000000000001111111111111111111
10000000000100000010000000000111111111111111111111
10000000000000000011100000000010001111111111111111
10000000000000000111000000000000000001111111111111
10000000000000000100000000000000000000111111111111
10000110000000000100000010000000000000011111111111
10000000001000000000000000000000000001111111111111
10000010000000000000000000000000000011111111111111
10000000000000000000000000000000000011111111111111
10000000000000000000000000000000000000111111111111
10000000000000000000000000000000000000111111111111
10000000000000000000000000000000000000111111111111
11111111111111111111111111111111111111111111111111
