11111111111111111111111111111111111111111111111111
11111111111111111111111111111001100000000001111111
11111111111111111111111111111000000000000001111111
11111111111111111111111111111000000000000011111111
11111111111111111111111111111010000000000001111111
11111111111111111111111111111001000000000111111111
11111111111111111111111111111000000000000011111111
11111111111111111111111111111110000000000011111111
11111111111111111111111100000001000000000011111111
11111111111111111111111000000000111000000011111111
11111111111111111111111001000000001100100001111111
11111111111111111111111011000000001100000001111111
11111111111111111111111011000001100000000001111111
11111111111111111111110000000000010000000001111111
11111111111111111111110000000000010000000011111111
11111110011111111101100000000000000000000001111111
11111110000011111000000000000000000000000001111111
11111100000000110000000010000000000010100001111111
11111100000000000000000010000000001110000000111111
11111101000001000000101110100001100000000001111111
11111100000100000001000000000010000000000000111111
11111100000100000000111000000000000000000010111111
11111111000100000011111000000000000000000000000111
11111111000100000011001000000000011000001011100001
11110000000000000000000000000001111111000001100001
11110000000000000000000000000001111111101100000001
11110000000000000001000000000000100011100000000001
10000000000000000000000000000000100000000000000011
10000000000000000000000000000000000000000100000001
10000000000000000000000000000000000000111111111001
10000000000000000000000000000000001100111111111111
10000000001000000000000000000000001111111111111111
10000000001100100000001000000000111111111111111111
10001100001100000000000010000001111111111111111111
10001100011000000001111000000111111111111111111111
10000000010000000000111100011111111111111111111111
10100100000001100000111111111111111111111111111111
10000000000000000100011111111111111111111111111111
11100000001101111110111111111111111111111111111111
11111111000111111111111111111111111111111111111111
11111111001111111111111111111111111111111111111111
11111111111111111111111111111111111111111111111111
11111111111111111111111111111111111111111111111111
11111111111111111111111111111111111111111111111111
11111111111111111111111111111111111111111111111111
11111111111111111111111111111111111111111111111111
11111111111111111111111111111111111111111111111111
11111111111111111111111111111111111111111111111111
11111111111111111111111111111111111111111111111111
11111111111111111111111111111111111111111111111111
