11111111111111111111111111111111111111111111111111
11111111111111111111111111111111111111111111111111
11111111111111111111111111111111111111111111111111
11111111111111111111111111111111111111111111111111
11111111111111111111111111111111111111111111111111
11111111111111111111111111111111111111111111111111
11111111111111111111111111111111111111111111111111
11111111111111111111111111111111111111111111111111
11111111111111111111111111111111111111111111111111
11111111111111111111111111111111111111111111111111
11111111111111111111111111111111111111111111111111
11111111111111111111111111111111111111111111111111
11111111111111111111111111111111111111111111111111
11111111111111111111111111111111111111111111111111
11111111111111111111111111111111111111111111111111
11111111111111111111111111111111111111111111111111
11111111111111111000011111111111111111111111111111
11111111111111000000011111111111111111111111111111
11111111111111000000001111111111111111111111111111
11100111111110000000000111111111111111111111111111
10000110111100000000000101111111111111111111111111
10000000011000000000000001111111111111111111111111
10000010011000000000000000001111111111111111111111
10000010111111000000000000001111111111111111111111
10010000111111001000000000011111111111111111111111
10000000110001111111100000000111111111111111111111
10001000000101111100000000001111111111111111111111
10000000001100110000000000001111111111111111111111
10000000011100110000000000001111111111111111111111
10000000001000100000000000011111111111111111111111
10000001000000000000110000001111111111111111111111
10000000000000000000000000111111111111111111111111
10000000000000000000000001111111111111111111111111
10000010000000000000000000000111111111111111111111
10001100000000000000000000000111111111111111111111
11001100000000000000000000001111111111111111111111
10000101000000000000000000001111111111111111111111
10000000010000000000000100000001111111111111111111
10000110000000000000000000000000111111111111111111
10000111000000000000000000000000111111111111111111
11000111000000000000000000000010011111111111111111
11000111000000000000000000000000011111111111111111
11011111000000000000000000000000011111111111111111
11111111000000000000000000000000111111111111111111
11111110000000000000000000000000000111111111111111
11111110000000000000000000000000000111111111111111
11111110111010000000000000000000001111111111111111
11111111111000001000000100001110111111111111111111
11111111111000000000000000001111111111111111111111
11111111111111111111111111111111111111111111111111
