11111111111111111111111111111111111111111111111111
11111111111111111111110001111111111000000111111111
11111111111111111111110000111111111100000101111111
11111111111111111111100110111111111100001100000111
11111111111111111100000110011111111100000000000111
11111111111111111100000111001111110000000000000111
11111111111111111100000101101111111000011100000011
11110111111111111100000100000111111000000100000011
11100001111111110110000000000111111110000000011111
11101000000000110010000000000111111110000000111111
11100000010000000000000000000111111111100000111111
11110010000110000000000000000111111110001000011111
11000001100011110000001001000011111110000000111111
11100000000011110000011000000011111110100001111111
11110000001111111101111111000001111111100000000111
10000000000111111101100001011001111100000000000111
10000000000000111101100001000000111100001100000011
10001000100000111100100101100010011100001000000111
10001000100111111110000000000010011100000000000111
10001000000000011111110000000000000000000000001111
10000001000000111111100000000000000000000000011111
10000000000000001111000000000000000000000000011111
10000000000000000011100000000000001000000001111111
10000000000000001111100000000000110000000001111111
10000000000000100111101000000000111001100000111111
10000000000011110111111111000000111000100011111111
10000000000111110011111110000000111000111111111111
10000000001111110000011110000100001001111111111111
10010011111111111000000110000100001111111111111111
10000111111111111111110000100000000011111111111111
10000111111111111111110000000000000111111111111111
10001111111111111111110000000000000011111111111111
10000011111111111111100000001111000111111111111111
10000000111111110000000000011111100111111111111111
10000000011110010000000000100010000011111111111111
10110000010000000000000000000000100111111111111111
11111000000000010000000000000011111111111111111111
11111000000010110000000000000001111111111111111111
11111000000011110000000000000011111111111111111111
11111000000111110100000011000111111111111111111111
11111000000111000000000011001111111111111111111111
11111000000111110001000111111111111111111111111111
11110001001111110000000111111111111111111111111111
11111111111111110000000011111111111111111111111111
11111111111111110100000111111111111111111111111111
11111111111111111101001111111111111111111111111111
11111111111111111111111111111111111111111111111111
11111111111111111111111111111111111111111111111111
11111111111111111111111111111111111111111111111111
11111111111111111111111111111111111111111111111111
