11111111111111111111111111111111111111111111111111
11111111111000000000000010000001000111111111111111
11111111110000000000000000000000000111111111111111
11111111000000000000000000000000000111111111111111
11111111100000000000000000000000000111111111111111
11111111100000000000000000000000011111111111111111
11111111000000000000100000000000001111111111111111
11111111100001001000000000000000001111111111111111
11111111100001100000000000000001011111111111111111
11111111110000000000000000000000111111111111111111
11111111110000101100000000000000011111111111111111
11111111111000111100000110000000001111111111111111
11111111111110111100011111100001111111111111111111
11111111111111111111111111100000111111111111111111
11111111111111111111111111000000111111111111111111
11111111111111111111111110000000011111111111111111
11111111111111111111111111000000011111111111111111
11111111111111111111111111000000111111111111111111
11111111111111111111111111000001111111111111111111
11111111111111111111111110000010001111111111111111
11111111111111111111111000000000000001111111111111
11111111111111111111111000000000000111111111111111
11111111111111111111111000000000001111111111111111
11111111111111111111111000000000000111111111111111
11111111111111111111111000000000001111111111111111
11111111111111111111111100010010111111111111111111
11111111111111111111111100011001111111111111111111
11111111111111111111111100000001111111111111111111
11111111111111111111100111000011111111111111111111
11111111111111111111100000000001111111111111111111
11111111111111111111100000000001111111111111111111
11111111111111100011000000000000111111111111111001
11111111111111101000000000000000110001111111100001
11111111111111001000001000000000000001110011001001
11111111111111001000011111100000011000010011110001
11111111111111010000001111110000110000000011110001
11111111111111000000001111111010000100000111110011
11111111111111000000011111111010000000110001100001
11111111111111000000001111111000000000111000001001
11111111111111110000100111111000000000010000000001
11111111111111111010000011000000000000000000000001
11111111111111111001000011000000000000000000000001
11111111111111111011100111100000000000000000000001
11111111111111111111100101111100000000000000000001
11111111111111111111110001110000000000000000000001
11111111111111111111111000010000000000000000000001
11111111111111111111111000010000000000000000000001
11111111111111111111111111000000000000000000010011
11111111111111111111111111111000000000000000111111
11111111111111111111111111111111111111111111111111
