11111111111111111111111111111111111111111111111111
11111111111111111111111111111111111111111111111111
11111111111111111111111111111111111111111111111111
11111111111111111111111111111111111111111111111111
11111111111111111111111111111111111111111111111111
11111111111111111111111111111111111111111111111111
11111111111111111111111111111111111111111111111111
11111111111110111111111111111111111111111111111111
11111111111100111111111111111111111111111111111111
11111111111100011000011111111111111111111111111111
11111100011110000000001111111111111111111111111111
11111101001111000000001111111111111111111111111111
10000000001111001001101011111111111111111111111111
10000000000001000111100011111111111111111111111111
10000000001000011111111001111111111111111111111111
10000000000000111111111101111111111111111111111111
10000000000001111111111101111111111111111111111111
10000000000011111111111101011111111111111111111111
10000000000111111111111100000111111111111111111111
10000000011111111111111001101000011111111111111111
10000000011111111111111000100010011111111111111111
10000000001111111111111000110000111111111111111111
10000000000111111111110000000011111111111111111111
10000000000000111111110001111011111111111111111111
10000000000000111100011100011111111111111111111111
10000000001101111100010000011111111111111111111111
10000000101111111000000000111111111111111111111111
10000000000111111100110000011111111111111111111111
10000000000111111000110000011111111111111111111111
10000000000111000000100000011111111111111111111111
10000000111111000011110000111111011111111111111111
10011111111111000001110011100000000011111111111111
10001111111100000001000001100000001000011111111111
10011111111100000000000000010000000011011111111111
11011111111000010000000001000001111111001111111111
10001111110000000000000000000000001111001111111111
11100111100000000100000000000000000011001111111111
11100111100000000000000000000000000010001111111111
11110111100000011000000000000000000000001110001111
11110011000001011010000000000000000000000010100111
11110011000000011111111100000000000000000000110111
11000000000000001111111110100000000000000001110001
11110100000001100111100000000011000000000001110001
11111110000001000111100100000000010000000000111101
11111111000000000001100100000000010000101110000001
11111111000000001000000111000000000000111000000111
11111111100000000001100111101000000000011100111111
11111110000000000000100111100000000000111111111111
11111110000000000001111111111110111001111111111111
11111111111111111111111111111111111111111111111111
