11111111111111111111111111111111111111111111111111
11111111111111111111111111111111111111111111111111
11111111111111111111111111111111111111111111111111
11111111111111111111111111111111111111111111111111
11111111111111111111111111001111111111111111111111
11111111111111111111111110000011111111111111111111
11111111111111111111111110011111111111111111111111
11111111111111111111100000011111111111111111111111
11111111111111111111100000011111111111111111111111
11111111111111111110000000011111111111111111111111
11111111111111111100000000000111111111111111111111
11111111111111111110000000000111111111111111111111
11111111111111111110000000000001001001111111111111
11111111111111111111000000100000000001111111111111
11111111111111111111100000000100000001111111111111
11111111111111111111111000001100000001111111111111
11111111111111111111111100000000000000011111111111
11111111111111110011110000000100000000011110000111
11111111111111110001111000000000001100011000110111
11111000011111100011111000000000011100010000000001
10110000011111100011111000000000111100000000000001
10000000001111000001110000000001111000000000000001
10000000001111000001110000000000110000000000000111
10000000001111100000001000011101111000010000100011
10000101111111101000000000010000000000010000100001
10000001111111000000001011100000000000000011100001
10001001111110000000000010000000000000000001000001
10000001111000000000001010000000000000100000010001
10000011110000100000000000000000000000100000110001
10000000000000000000000000000000000010000000110101
10000000000000111110000000000000000011000000000001
10000000000001110000010000000000000011111100000001
10000000000000000100010100000000000011111111000001
10000000000000100000000000000000000001111111100001
10000000000110000000000000000000000111111111000001
11000000110111000000000000000000001011001100000101
11111100100111000000000000111000011000000100000111
11111101100010000000100000000000000001000000000001
11111001100000000000000100000000000100000000000001
11111111100000000000001000000000000000000001000001
11111111111111111000000000010000000010000111110111
11111111111111111101100000000000000000001111111111
11111111111111111111110010000000000111111111111111
11111111111111111111000000000000000111111111111111
11111111111111111111000000000000001111111111111111
11111111111111111111110011010000001111111111111111
11111111111111111111111111000000111101111111111111
11111111111111111111111111000000000001111111111111
11111111111111111111111111000000000011111111111111
11111111111111111111111111111111111111111111111111
