11111111111111111111111111111111111111111111111111
11111111111111111111111111111111111111111111111111
11111111111111111111111111111111111111111111111111
11111111111111111111111111111111111111111111111111
11111111111111111111111111111111111111111111111111
11111111111111111111111111111111111111111111111111
11111111111111111111111111111111110011001111111111
11111111111111111111111111111101110001000001111111
11111111111111111111111111111000000001000001111111
11111111111111111111111111110001000100000011111111
11111111111111111111111111100000000000010011111111
11111111111111111111111111111100100000000111111111
11111111111111111111111111110000011000000111111111
11111111111111111111111111110001000000001111111111
11111111111111111111111111111111100000001111111111
11111111111111111111111111111111100000011111111111
11111111111111111111111111111110000000011111111111
11111111111111111111111111111000000000011111111111
11111111111111111111111111111000000000000111111111
11111111111111111111111111111100000000000100111111
11111111111111111111111111111111000000000000111111
11111111111111111111111111111111100000000000000111
11111111111111111111111111111111100000000000000011
11111111111111111111111111111000000001110001100001
11111111111111111111111110000010000000110000000001
11111110011111111111111110111100011111110000000001
11111110011111111111111011111111100111110000000001
11111110011111111111000000001001100000000000000001
11111110010001011111000011101000000000000011000011
11111110000000001111110001100000000000001000000001
11111110000000010111111001111000000000000000000001
11000000000000000001110011111011111101110000000011
11001100010000000011110000110000011101110000000111
11011111100010010011000000010000011101110000000111
10001111111000000000000110000000011100100000000111
10001111111110011111000001100001111110000001000011
10001111111111111111000001110001111111100000011111
10100111111111111111000001110000011110000000011111
10000111111111111110000000000000011111000001000111
10000001111111111110000000000000011111000000000111
10000001111111111010000000000000011110000000000011
10000001111111000000010100010000011110000000000011
10000001111110000000000000000000001110000000000001
10000001110000000000100100000000000100000000000001
10000000000010010101000111000000000000000000000001
10000000000000110001100011000010000000000000000001
11000000000000111011100010000000000000000000000001
10000000000000111011110010000000000000000000000001
11000000000000011111110001000000100000000000000001
11111111111111111111111111111111111111111111111111
