11111111111111111111111111111111111111111111111111
11111111111111111111111111111111111111111111111111
11111111111111111111111111111111111111111111111111
11111111111111111111111111111111111111111111111111
11111111111111111111111111111111111111111111111111
11111111111111111111111111111111111111111111111111
11111111111111111111111111111111111111111111111111
11111111111111111111111111111111111111111111111111
11111111111111111111111111111111111111111111111111
11111111111001111111111111111111111111111111111111
11111111000000111111111111111111111111111111111111
11111110000000001111111111111111111111111111111111
11111111100000010111111111111111111111111111111111
11111111111000000111111111111111111111111111111111
11111111111000000000011111111111111111111111111111
11111111111000000000011111111111111111111111111111
11111111111000000000001111111111111111111111111111
11111111111010000000001111111111111111111111111111
11111111111000001000011111111111111111111111000001
11111111111110000000011111111011111111111100000001
11111111111110000000011111110000000111111100000001
11111111111110000000111111110000010111110100000001
11111111111110000000111111110000000111000000000001
11111111111100000000110011110101000111100000000001
11111111111100000000000000100011000000000000000001
11100110111100000010000000000000000010000000000001
11100000011110000010000000000000000000000000000001
10000000011100000011110000000000000000000000000001
10000000000100000111111110000000000000000000000001
10001100000101100111111100000000000000000000000001
10001100100001111111111000000000000000000000000001
11100100000111111111110000000000000000000000000001
11100100110111111111110000000000000000000000000001
11100001110111111111110000000000100000000000000001
11000100110001111111110000001111000000100001000001
10000000100001111111111000001111110000001111000001
10000010000111111100110000001111111100001111000001
11000011111111111000000001111111111100001111111101
10000000000111111000000001111111111111001111111111
10000010000111110000000001111111111111011111111111
10000110000111110000000001111111111111111111111111
10000000100001110000000001111111111111111111111111
11001000000000000000000001111111111111111111111111
11111100000000000010000011111111111111111111111111
11111000000000000000000000111111111111111111111111
11111010000000000000000010111111111111111111111111
11111000000000000000000000011111111111111111111111
11111011000000000000000000011111111111111111111111
11111111000000000000000000111111111111111111111111
11111111111111111111111111111111111111111111111111
